1 0.345297 0.681021 0.352828 0.690500 0.351156 0.703042 0.354922 0.717000 0.351781 0.728979 0.333594 0.725646 0.319781 0.709458 0.315812 0.698854 0.315391 0.677396 0.326063 0.673479 0.331703 0.681021 0.337359 0.675437
1 0.088625 0.220271 0.102172 0.235000 0.103672 0.275146 0.089125 0.328667 0.068047 0.354771 0.049969 0.354771 0.037422 0.334021 0.036422 0.295208 0.047469 0.251042 0.067031 0.224958
0 0.080297 0.250708 0.068906 0.256979 0.058609 0.267583 0.053000 0.293125 0.053547 0.311937 0.058609 0.325437 0.066562 0.330729 0.076141 0.325188 0.082469 0.318688 0.090969 0.300604 0.092234 0.285896 0.092781 0.267833 0.087719 0.258188
0 0.172156 0.893458 0.164813 0.903250 0.165281 0.917208 0.169500 0.932625 0.175906 0.944708 0.184812 0.950750 0.195281 0.953667 0.204500 0.952208 0.211375 0.944708 0.211219 0.933250 0.207938 0.919917 0.200125 0.905750 0.191062 0.896583 0.178406 0.892417
0 0.811891 0.878396 0.819656 0.889729 0.820203 0.899375 0.817859 0.915521 0.809359 0.927813 0.799047 0.936000 0.785313 0.940354 0.777906 0.934562 0.773562 0.928771 0.773562 0.913104 0.779531 0.895521 0.789297 0.883708 0.802672 0.876958
0 0.875500 0.235146 0.887547 0.234021 0.901828 0.250812 0.906578 0.263896 0.908547 0.282938 0.906016 0.300104 0.896500 0.304583 0.888375 0.306083 0.874375 0.292646 0.869063 0.275833 0.865984 0.250458 0.869063 0.238500
0 0.469531 0.205833 0.477922 0.198854 0.491094 0.199125 0.496531 0.208063 0.495281 0.223667 0.492984 0.230917 0.485234 0.232313 0.475219 0.231771 0.470812 0.228417
0 0.285953 0.378750 0.281250 0.383333 0.275828 0.392500 0.274375 0.402375 0.277984 0.412021 0.288297 0.418292 0.294625 0.418521 0.300047 0.408167 0.303844 0.396104 0.302031 0.387917
0 0.336281 0.676479 0.324344 0.688292 0.323797 0.698417 0.329406 0.707812 0.330859 0.715042 0.337906 0.717688 0.344953 0.714792 0.353453 0.704917 0.353453 0.692854 0.347672 0.680563
0 0.629687 0.672896 0.642500 0.688729 0.644062 0.696646 0.639375 0.704146 0.630938 0.711229 0.622969 0.713313 0.615000 0.699146 0.613125 0.691229 0.618281 0.682271 0.621250 0.676229
0 0.662578 0.374500 0.679109 0.368375 0.687469 0.374500 0.688516 0.388437 0.687266 0.400438 0.677844 0.406292 0.669063 0.407979 0.660484 0.406021 0.658609 0.387896
0 0.473938 0.320875 0.478781 0.314625 0.488781 0.314833 0.491125 0.322542 0.489250 0.334000 0.485500 0.337542 0.478625 0.337333 0.473625 0.336292
0 0.359578 0.441562 0.365047 0.445312 0.369578 0.446958 0.373797 0.439479 0.376922 0.429479 0.372547 0.424896 0.363484 0.421771 0.359578 0.428854 0.358016 0.437583
0 0.387703 0.622062 0.389266 0.628729 0.393641 0.634771 0.398484 0.635188 0.404734 0.628937 0.405984 0.625396 0.405203 0.618521 0.400047 0.612896 0.395203 0.611021 0.390203 0.617688
0 0.576234 0.603021 0.585094 0.611458 0.583828 0.620854 0.575328 0.625437 0.569000 0.626167 0.567562 0.611229
0 0.591984 0.419458 0.601828 0.413417 0.609641 0.422792 0.611203 0.433208 0.607609 0.439042 0.598547 0.439667 0.593859 0.439250 0.591516 0.429458
1 0.768750 0.962792 0.786422 0.968271 0.810141 0.957937 0.835313 0.924708 0.842328 0.894062 0.836766 0.868563 0.824656 0.858563 0.804328 0.859521 0.785453 0.873083 0.773109 0.896313 0.761734 0.922125 0.760281 0.947625
1 0.887750 0.204896 0.906578 0.222479 0.923531 0.259292 0.923734 0.295271 0.917453 0.324000 0.901359 0.332646 0.880859 0.319521 0.866625 0.289688 0.858469 0.259000 0.855547 0.231125 0.866422 0.203500
1 0.482625 0.231979 0.490437 0.230521 0.495281 0.223646 0.502781 0.217604 0.508719 0.208229 0.501687 0.193646 0.487000 0.190104 0.474656 0.189062 0.464500 0.195729 0.457313 0.203854 0.456687 0.216354 0.469813 0.221354 0.471375 0.230729
1 0.300359 0.404521 0.301437 0.391750 0.296016 0.382833 0.295469 0.369812 0.287703 0.363063 0.271609 0.377542 0.266734 0.396333 0.269437 0.419229 0.274859 0.428396 0.284813 0.425021 0.287344 0.415146 0.297828 0.416083
1 0.160734 0.956250 0.181547 0.974167 0.208437 0.982854 0.222750 0.973021 0.228828 0.950458 0.222750 0.921542 0.204969 0.890313 0.181547 0.870062 0.162469 0.864875 0.145109 0.870062 0.141219 0.906500
1 0.619422 0.683625 0.628625 0.674438 0.636375 0.678063 0.647250 0.671646 0.656031 0.678063 0.650594 0.705667 0.639500 0.724625 0.619844 0.728812 0.612109 0.724083 0.617969 0.704833 0.611891 0.698146
1 0.662500 0.394271 0.661094 0.375521 0.665000 0.374688 0.666250 0.363458 0.670781 0.354271 0.683594 0.353854 0.692344 0.370104 0.698594 0.391583 0.699688 0.405521 0.692344 0.418021 0.682031 0.417625 0.677813 0.404479 0.666250 0.407813
1 0.490344 0.328042 0.497531 0.323875 0.500500 0.315542 0.494719 0.307833 0.477844 0.305125 0.466750 0.312833 0.464875 0.322833 0.473125 0.326667 0.475187 0.333042 0.488625 0.335958
1 0.375297 0.439563 0.377328 0.429354 0.366703 0.423729 0.365922 0.412062 0.359047 0.410604 0.352172 0.423521 0.350922 0.442271 0.353734 0.448313 0.358422 0.450812 0.362016 0.442688 0.370453 0.446021
1 0.381547 0.622750 0.393844 0.639375 0.405234 0.638417 0.407031 0.632625 0.403781 0.626833 0.405766 0.619854 0.398719 0.611167 0.391844 0.614062 0.385516 0.611417 0.381547 0.615021
1 0.570047 0.622708 0.567703 0.630000 0.568953 0.633958 0.576297 0.631875 0.581141 0.625208 0.588328 0.616875 0.589266 0.605417 0.587703 0.603333 0.579734 0.607917 0.577078 0.603563 0.568016 0.616458
1 0.603672 0.437583 0.606328 0.444479 0.612422 0.445917 0.612891 0.439063 0.611641 0.425083 0.605078 0.412813 0.599766 0.406562 0.596953 0.407813 0.597422 0.417396 0.594453 0.421354 0.593203 0.430937 0.597578 0.439479
