1 0.331688 0.672729 0.326078 0.668167 0.316312 0.669125 0.311250 0.680938 0.319391 0.704062 0.330969 0.717813 0.345609 0.721667 0.353922 0.721438 0.359344 0.706000 0.354469 0.693229 0.352109 0.692271 0.355187 0.683333 0.343797 0.667438 0.337828 0.666229
1 0.300969 0.380021 0.300969 0.370438 0.297531 0.361688 0.290813 0.359187 0.280656 0.364604 0.270969 0.378771 0.267844 0.396063 0.268625 0.412312 0.272688 0.424812 0.277844 0.428354 0.287219 0.422521 0.289563 0.416479 0.297531 0.417104 0.302844 0.409396 0.305969 0.396687 0.307375 0.383771
1 0.461062 0.208583 0.453250 0.203375 0.449172 0.197542 0.451828 0.187958 0.462766 0.179208 0.479953 0.177333 0.493234 0.182958 0.502297 0.196083 0.502297 0.206083 0.497312 0.210875 0.488406 0.215250 0.483391 0.220458 0.470750 0.222333 0.462297 0.217958
1 0.873016 0.207167 0.896875 0.211750 0.910078 0.229354 0.919297 0.261896 0.923813 0.287208 0.924891 0.317333 0.917313 0.331313 0.904469 0.335896 0.884219 0.333250 0.872469 0.320479 0.862172 0.304312 0.857828 0.279729 0.853313 0.249354 0.859453 0.220667
0 0.818094 0.872000 0.788484 0.876646 0.772813 0.899104 0.772219 0.927750 0.787328 0.950208 0.807641 0.947104 0.828547 0.918458 0.827969 0.892125
0 0.165313 0.890625 0.177766 0.887625 0.192547 0.890729 0.202641 0.908354 0.212812 0.931250 0.208094 0.946688 0.193312 0.949813 0.172328 0.940479 0.163000 0.919750 0.159891 0.902125
0 0.083875 0.238896 0.054328 0.258583 0.047328 0.297979 0.063656 0.342542 0.091641 0.324917 0.104859 0.267917
1 0.389516 0.626687 0.395609 0.634396 0.400922 0.636896 0.406391 0.636062 0.407172 0.629812 0.405141 0.626062 0.407484 0.618146 0.404828 0.611271 0.398734 0.607729 0.395453 0.606896 0.393109 0.610021 0.388578 0.606271 0.384203 0.606479 0.383891 0.613563 0.384984 0.621271
1 0.373359 0.425063 0.374141 0.416083 0.371328 0.410479 0.367266 0.408167 0.362422 0.413792 0.357422 0.421292 0.355859 0.432750 0.354141 0.444438 0.357266 0.450458 0.362109 0.450062 0.365078 0.445479 0.369141 0.446292 0.373516 0.443396 0.376484 0.433167 0.377266 0.427333
1 0.484703 0.320688 0.489547 0.318604 0.492516 0.315896 0.491734 0.308812 0.486266 0.303187 0.476266 0.301521 0.467047 0.300271 0.461734 0.305688 0.461578 0.310271 0.464531 0.315833 0.469547 0.317146 0.468766 0.322146 0.475641 0.326937 0.482516 0.325688
0 0.591547 0.426146 0.583953 0.427583 0.584313 0.438188 0.586672 0.449042 0.593000 0.456042 0.603109 0.451458 0.606547 0.443021 0.601844 0.434104
1 0.638750 0.673875 0.628078 0.670729 0.616688 0.685438 0.616688 0.700375 0.615422 0.707625 0.613422 0.718937 0.616328 0.728583 0.630078 0.730271 0.644703 0.724979 0.657656 0.709583 0.661172 0.691708 0.662781 0.680146 0.650625 0.676458 0.643125 0.682083
1 0.830125 0.850958 0.847344 0.880833 0.836922 0.930000 0.811000 0.963271 0.782813 0.975208 0.760469 0.962292 0.757656 0.936042 0.767500 0.895833 0.801281 0.855708
1 0.169531 0.962958 0.188891 0.975208 0.210188 0.974250 0.224953 0.960042 0.226641 0.936479 0.223266 0.923250 0.208500 0.896479 0.195422 0.878083 0.172437 0.861938 0.155250 0.861625 0.141219 0.886146 0.141219 0.918104 0.152109 0.948500
1 0.090719 0.218146 0.074609 0.218979 0.057250 0.240458 0.042812 0.272250 0.042391 0.297917 0.045328 0.339479 0.058500 0.352854 0.072938 0.347563 0.091547 0.320229 0.102016 0.290938 0.107234 0.251333 0.100750 0.227083
0 0.475719 0.305125 0.466500 0.308250 0.467281 0.317208 0.472125 0.326375 0.481500 0.328042 0.488531 0.320333 0.488375 0.311375
1 0.589063 0.431250 0.584937 0.435729 0.586344 0.446354 0.592125 0.453229 0.600250 0.449479 0.605406 0.453437 0.607594 0.452396 0.608375 0.446354 0.601969 0.433438 0.596875 0.426458 0.591094 0.421458 0.588125 0.425833
1 0.571562 0.619958 0.569688 0.622667 0.566719 0.629750 0.567656 0.633917 0.576094 0.632875 0.583281 0.628292 0.588281 0.619958 0.592187 0.612875 0.593125 0.605583 0.592187 0.602042 0.587969 0.602875 0.583281 0.605792 0.582344 0.606208 0.578750 0.602458 0.573594 0.604125 0.568281 0.609333 0.566563 0.614333 0.569531 0.619333
0 0.670266 0.387750 0.657687 0.384188 0.649453 0.403562 0.649453 0.428396 0.665438 0.441958 0.683344 0.432271 0.685031 0.412271 0.682375 0.402583
0 0.623031 0.674188 0.614234 0.688125 0.615703 0.700958 0.621563 0.709604 0.629516 0.718812 0.641437 0.714896 0.648547 0.702917 0.649375 0.689521 0.636000 0.673625
0 0.372438 0.419063 0.363687 0.418437 0.358063 0.426771 0.357281 0.435104 0.358375 0.444875 0.367906 0.447188 0.373688 0.446562 0.378375 0.434896 0.379000 0.427604
0 0.347422 0.672646 0.337734 0.668063 0.328359 0.667646 0.325234 0.680146 0.325859 0.694958 0.333672 0.706417 0.346016 0.708917 0.356484 0.695562 0.357578 0.686625
1 0.657641 0.426604 0.652797 0.410458 0.661266 0.400125 0.662000 0.387542 0.665469 0.372708 0.690797 0.384646 0.692969 0.402396 0.694375 0.423125 0.692734 0.434021 0.680141 0.436917 0.674344 0.428542 0.664656 0.434979
0 0.293875 0.371042 0.280578 0.377083 0.275406 0.388333 0.272484 0.409062 0.281875 0.416833 0.293219 0.422021 0.303266 0.411646 0.309094 0.388750
0 0.476344 0.186229 0.463984 0.189729 0.458734 0.200229 0.459859 0.216208 0.473344 0.224708 0.489469 0.224708 0.493219 0.207729 0.490219 0.193229
0 0.878297 0.233458 0.861047 0.254458 0.865547 0.298938 0.889531 0.323437 0.916531 0.322438 0.917281 0.294438 0.900031 0.246458
0 0.580609 0.601646 0.573422 0.602896 0.568266 0.608938 0.566391 0.617688 0.572328 0.625187 0.575297 0.628521 0.581391 0.624771 0.587016 0.619146 0.587328 0.611437
0 0.404203 0.604771 0.392984 0.604771 0.387391 0.611500 0.387562 0.618500 0.391906 0.626938 0.396422 0.631042 0.403656 0.629833 0.409984 0.621625
