1 0.832859 0.851354 0.845234 0.892854 0.833234 0.925333 0.804359 0.959833 0.772125 0.972812 0.757125 0.954833 0.760500 0.920333 0.775500 0.886354 0.797250 0.853354 0.816734 0.844854
1 0.889578 0.204729 0.909437 0.224708 0.925563 0.267708 0.925938 0.301187 0.920687 0.324188 0.898203 0.331188 0.876828 0.314688 0.862203 0.276187 0.853969 0.237708 0.859203 0.215708 0.872328 0.202729
1 0.473047 0.229958 0.485328 0.231875 0.491297 0.228500 0.494375 0.221750 0.505578 0.215500 0.508656 0.205854 0.505766 0.196938 0.492031 0.189708 0.480094 0.189708 0.471422 0.192104 0.457672 0.200542 0.456953 0.210667 0.464000 0.218375 0.470156 0.220563 0.469969 0.229000
1 0.296422 0.384688 0.298219 0.373354 0.292609 0.361792 0.287734 0.360333 0.279594 0.367563 0.271109 0.380354 0.267484 0.401792 0.267844 0.418187 0.272906 0.426396 0.280328 0.428792 0.284656 0.422292 0.287016 0.414333 0.294063 0.416750 0.297312 0.412396 0.301656 0.401083 0.302734 0.388542
1 0.316438 0.704625 0.327062 0.720875 0.339406 0.728583 0.347531 0.728792 0.354406 0.723792 0.354250 0.714625 0.352687 0.706708 0.347531 0.702542 0.350187 0.696708 0.349562 0.687750 0.344875 0.682958 0.340813 0.677542 0.337375 0.677542 0.334719 0.679625 0.331437 0.681917 0.328625 0.676292 0.317500 0.674583 0.313281 0.686250 0.312500 0.695417
1 0.633437 0.677458 0.624219 0.676625 0.615469 0.686625 0.614219 0.697458 0.620156 0.705583 0.616406 0.714125 0.616875 0.725792 0.625328 0.730375 0.639844 0.726625 0.647984 0.716833 0.655156 0.705375 0.656875 0.690167 0.655938 0.674750 0.647984 0.670167 0.636562 0.676625
1 0.664531 0.374771 0.662016 0.384542 0.664531 0.397375 0.670375 0.402667 0.675812 0.404896 0.679531 0.410417 0.686484 0.416625 0.692344 0.413000 0.697781 0.403229 0.696313 0.383146 0.692969 0.369208 0.685031 0.358604 0.676859 0.351917 0.673312 0.351625 0.668297 0.356938 0.668703 0.364750 0.667656 0.370312
1 0.475141 0.324521 0.474359 0.332854 0.478109 0.335979 0.485453 0.335979 0.488422 0.334521 0.489828 0.325563 0.496703 0.324312 0.497328 0.319937 0.492484 0.314521 0.481703 0.311812 0.476234 0.312437 0.470141 0.314104 0.466703 0.318896 0.465922 0.323896 0.472172 0.324104
1 0.371375 0.423187 0.369969 0.414646 0.366375 0.411521 0.360281 0.414854 0.355281 0.424229 0.354187 0.436312 0.354219 0.447292 0.355281 0.451521 0.362000 0.451313 0.364500 0.445688 0.365437 0.442979 0.370438 0.445271 0.374031 0.436729 0.373719 0.427771
1 0.378906 0.616875 0.381250 0.626667 0.388391 0.638479 0.398391 0.646396 0.406203 0.644312 0.407609 0.637646 0.401984 0.628896 0.405734 0.623479 0.401203 0.614938 0.398234 0.610354 0.394797 0.611812 0.391047 0.617646 0.383234 0.612438
1 0.581094 0.607021 0.577187 0.601396 0.568750 0.608063 0.567187 0.614313 0.568750 0.620979 0.568125 0.629104 0.570469 0.633688 0.579375 0.629521 0.584219 0.624729 0.588438 0.617437 0.590000 0.610979 0.590000 0.604313 0.587344 0.602646 0.583750 0.604104
1 0.598172 0.417104 0.594422 0.418563 0.592859 0.427937 0.593797 0.433146 0.598641 0.438562 0.602078 0.436896 0.605516 0.440646 0.610203 0.440229 0.613016 0.437521 0.612703 0.428563 0.609891 0.416687 0.605047 0.408979 0.601453 0.406688 0.598172 0.408771 0.597078 0.413146
0 0.602125 0.411542 0.592750 0.418833 0.593063 0.432792 0.597594 0.441333 0.608063 0.434667 0.611031 0.428000 0.606656 0.416958
0 0.395609 0.609958 0.385766 0.618708 0.389203 0.627458 0.394984 0.635583 0.404828 0.630792 0.407328 0.624542 0.404516 0.614750
0 0.490375 0.320646 0.485375 0.317938 0.476625 0.318771 0.472875 0.324604 0.473500 0.333354 0.476312 0.337729 0.484438 0.338771 0.489750 0.335229
0 0.679516 0.369146 0.660766 0.374354 0.660922 0.392062 0.668266 0.406854 0.677953 0.407479 0.689359 0.399979 0.688891 0.381646 0.684672 0.371854
0 0.348016 0.684000 0.338063 0.677000 0.330469 0.680854 0.324688 0.690500 0.326141 0.704729 0.332469 0.714604 0.339516 0.717021 0.347828 0.709542 0.352531 0.698937
0 0.487328 0.199187 0.475656 0.198771 0.466594 0.208271 0.466922 0.222521 0.474688 0.230292 0.495109 0.230729 0.496719 0.217771
0 0.884594 0.228813 0.872937 0.231021 0.865703 0.247167 0.864609 0.267146 0.871094 0.285750 0.877625 0.302583 0.885047 0.306688 0.895687 0.307896 0.905813 0.300937 0.911438 0.285500 0.908172 0.251000 0.897344 0.239708
0 0.816484 0.877083 0.804359 0.871771 0.788875 0.882667 0.778844 0.896875 0.772141 0.914167 0.770687 0.929792 0.778000 0.938437 0.784703 0.943188 0.796625 0.943729 0.805188 0.935937 0.816484 0.924771 0.822766 0.903854 0.822563 0.892417
0 0.171313 0.890771 0.161906 0.903292 0.164266 0.923312 0.172391 0.941062 0.188594 0.955313 0.205437 0.954042 0.218406 0.940646 0.212891 0.923354 0.200578 0.897875 0.184703 0.890083
0 0.631953 0.675896 0.622266 0.676937 0.616484 0.686521 0.614141 0.694854 0.615234 0.702771 0.623906 0.711458 0.627891 0.715896 0.635000 0.711250 0.642188 0.698125 0.642422 0.684646
0 0.288906 0.378958 0.277969 0.383125 0.273750 0.401250 0.276406 0.408958 0.283438 0.414792 0.291563 0.416458 0.296250 0.415417 0.302375 0.399854 0.302844 0.385688 0.294531 0.381875
0 0.082094 0.251604 0.059594 0.263104 0.052094 0.287104 0.052812 0.308750 0.062813 0.330208 0.070781 0.328750 0.085625 0.314792 0.093437 0.294583 0.094688 0.262292
0 0.375312 0.427583 0.364469 0.419875 0.359766 0.426625 0.358141 0.436750 0.362297 0.445188 0.370469 0.446667 0.376031 0.436021
0 0.583562 0.609833 0.576531 0.600458 0.568750 0.605625 0.565125 0.614417 0.568594 0.621250 0.573906 0.625417 0.579531 0.625208 0.582656 0.619583
1 0.084687 0.218417 0.064922 0.231375 0.048078 0.256875 0.039656 0.287542 0.035766 0.315625 0.040953 0.345000 0.053594 0.355792 0.073672 0.349750 0.087938 0.332042 0.096688 0.305250 0.103156 0.276729 0.104781 0.251250 0.099266 0.235708
1 0.155156 0.879000 0.144141 0.904042 0.164234 0.961500 0.192750 0.977479 0.225469 0.968417 0.239734 0.948542 0.230656 0.907500 0.209266 0.882021 0.180438 0.869917
