1 0.570125 0.615708 0.567937 0.621750 0.568250 0.628833 0.574812 0.629458 0.582937 0.622167 0.590125 0.612792 0.592313 0.603208 0.590750 0.600083 0.584187 0.598625 0.582313 0.601750 0.577781 0.596750 0.571375 0.600917 0.566531 0.610292
1 0.597984 0.424042 0.592828 0.428000 0.594234 0.434042 0.596734 0.439667 0.601266 0.444042 0.606734 0.442167 0.612672 0.446750 0.615953 0.446125 0.616422 0.435917 0.609703 0.423000 0.602203 0.414667 0.596734 0.414250 0.595172 0.419875
1 0.383125 0.624167 0.391984 0.638250 0.402922 0.641792 0.409641 0.636375 0.405109 0.623250 0.405734 0.618667 0.404641 0.611167 0.399016 0.604500 0.395109 0.604083 0.392188 0.607292 0.385000 0.603750 0.381203 0.608042
0 0.602344 0.420187 0.593438 0.428312 0.593281 0.433104 0.598594 0.443729 0.603750 0.445604 0.610781 0.439354 0.610781 0.430396 0.606719 0.423104
0 0.578672 0.595458 0.571484 0.599417 0.567734 0.608167 0.567578 0.614417 0.573203 0.621708 0.579297 0.623375 0.587891 0.613792 0.585234 0.603583
0 0.395781 0.602583 0.386719 0.613000 0.389062 0.621542 0.396406 0.630292 0.401562 0.630083 0.409844 0.616125 0.404203 0.608021
0 0.363109 0.414646 0.359828 0.417563 0.356703 0.428396 0.358109 0.435063 0.369828 0.441729 0.374984 0.435688 0.376547 0.417979
0 0.483781 0.322646 0.479875 0.318688 0.473625 0.316604 0.467844 0.317437 0.467063 0.325771 0.470188 0.336188 0.477063 0.337229 0.483469 0.334729
0 0.670750 0.403396 0.684969 0.404687 0.693094 0.418083 0.686625 0.439688 0.677875 0.448333 0.662641 0.440125 0.661031 0.415500
0 0.636219 0.669187 0.629687 0.667917 0.621453 0.675646 0.614687 0.687583 0.616141 0.700812 0.625578 0.708896 0.634531 0.709854 0.643719 0.696958 0.647594 0.685021
0 0.335062 0.667000 0.323500 0.681937 0.322594 0.694729 0.332359 0.707500 0.341391 0.709188 0.355672 0.693042 0.351516 0.678333 0.343375 0.671583
0 0.287875 0.369188 0.279125 0.374396 0.274438 0.398979 0.277562 0.406688 0.292250 0.409604 0.301469 0.407104 0.304281 0.381688 0.301312 0.375021
0 0.456625 0.221125 0.446469 0.218417 0.434125 0.246542 0.445219 0.259042 0.460062 0.260292 0.473031 0.241333 0.470688 0.234875
0 0.887344 0.241396 0.871781 0.251771 0.870172 0.279417 0.875031 0.310083 0.894469 0.329521 0.912609 0.317875 0.915844 0.291083 0.910672 0.255667
0 0.818937 0.873250 0.808625 0.869292 0.789406 0.878042 0.781281 0.893458 0.774563 0.908667 0.772687 0.923458 0.779563 0.937208 0.790031 0.940958 0.807063 0.934917 0.822219 0.914292 0.824875 0.890125 0.824250 0.882625
0 0.168641 0.886292 0.161938 0.896896 0.161938 0.913271 0.170266 0.938354 0.180391 0.948708 0.197016 0.951604 0.209859 0.944125 0.213109 0.924375 0.196656 0.891104 0.175859 0.884354
0 0.080578 0.244438 0.059609 0.254083 0.052016 0.283979 0.054719 0.305188 0.062859 0.317729 0.069359 0.318688 0.079125 0.316042 0.093234 0.294583 0.095031 0.267333 0.092141 0.251667
1 0.469094 0.322896 0.466594 0.329979 0.469406 0.332687 0.476750 0.337271 0.481281 0.335396 0.482688 0.328313 0.490969 0.327687 0.491437 0.323313 0.484250 0.315396 0.476125 0.311229 0.464406 0.311229 0.459875 0.315188 0.464250 0.323104
1 0.669391 0.410958 0.663141 0.424292 0.665172 0.430125 0.673922 0.436583 0.681734 0.441167 0.688141 0.431167 0.698453 0.431583 0.703922 0.426792 0.699234 0.410125 0.685641 0.399500 0.674391 0.394292 0.666578 0.393458 0.662359 0.398667 0.665328 0.405958
1 0.370016 0.415229 0.369547 0.404604 0.364547 0.403146 0.356266 0.413354 0.354078 0.429187 0.354547 0.443146 0.357984 0.444188 0.363609 0.436688 0.370172 0.438146 0.374391 0.420229
1 0.619531 0.702917 0.615359 0.694146 0.617703 0.682083 0.627828 0.671479 0.635609 0.670521 0.638859 0.676771 0.645734 0.674125 0.655312 0.680875 0.654594 0.695833 0.652234 0.710292 0.644094 0.720667 0.630719 0.725479 0.620422 0.725479 0.615531 0.721625 0.615000 0.711458
1 0.322187 0.712083 0.334531 0.722500 0.346250 0.724375 0.354844 0.716250 0.353828 0.704729 0.349953 0.697313 0.352141 0.690208 0.347531 0.676646 0.339062 0.669875 0.333266 0.669229 0.328656 0.672771 0.320438 0.669875 0.313406 0.674396 0.313172 0.688271 0.314375 0.700854
1 0.082047 0.222667 0.103859 0.244333 0.104422 0.275688 0.098844 0.324979 0.082047 0.339917 0.058797 0.343271 0.040016 0.329458 0.032203 0.295479 0.033313 0.258896 0.047875 0.228646 0.065234 0.219688
1 0.153313 0.931042 0.175063 0.969021 0.206547 0.978521 0.225672 0.956521 0.225672 0.925542 0.212922 0.900542 0.193047 0.875062 0.161187 0.866563 0.149188 0.884542 0.147687 0.914542
1 0.298047 0.375854 0.293875 0.356083 0.288562 0.354208 0.277078 0.361667 0.268688 0.379979 0.267563 0.402375 0.268937 0.421417 0.276797 0.426646 0.286875 0.415813 0.290797 0.409083 0.298063 0.407229 0.303375 0.390792 0.303375 0.378479
1 0.833625 0.849000 0.845281 0.871479 0.847875 0.903875 0.835234 0.931521 0.816125 0.956146 0.795391 0.971688 0.774000 0.970833 0.758125 0.952250 0.758453 0.915979 0.772703 0.877083 0.807703 0.848583
1 0.888078 0.217333 0.919687 0.236729 0.931734 0.276875 0.928734 0.320375 0.923203 0.349812 0.910656 0.366542 0.884563 0.363875 0.863484 0.338438 0.852437 0.301646 0.852953 0.272188 0.855453 0.233375 0.866500 0.223354
1 0.442000 0.229042 0.435844 0.215229 0.441031 0.204854 0.470844 0.217812 0.482500 0.245458 0.476984 0.255833 0.464359 0.247188 0.457844 0.257562 0.447516 0.254958 0.437781 0.244604
