1 0.604688 0.412062 0.599844 0.415604 0.603750 0.435812 0.611406 0.433937 0.612969 0.440812 0.617344 0.443937 0.620937 0.439979 0.622031 0.431854 0.620469 0.419771 0.617656 0.409146 0.612187 0.402896 0.607500 0.402896 0.605000 0.407479
1 0.579297 0.599917 0.583828 0.594500 0.588203 0.595333 0.590391 0.600333 0.588672 0.609292 0.583984 0.618458 0.576953 0.628250 0.566016 0.630333 0.565234 0.621375 0.569453 0.617417 0.566016 0.610750 0.574141 0.596375
1 0.395172 0.605479 0.388609 0.601729 0.385328 0.607146 0.387047 0.619646 0.392828 0.632354 0.402203 0.637979 0.410484 0.635062 0.412500 0.629375 0.407984 0.620479 0.410016 0.616312 0.402672 0.601313
1 0.367266 0.417625 0.369437 0.408479 0.358219 0.403896 0.353344 0.410646 0.347562 0.425354 0.347734 0.437167 0.351172 0.444146 0.354063 0.444146 0.358047 0.434750 0.366000 0.437396 0.370703 0.421729
1 0.469391 0.346917 0.463422 0.339208 0.465594 0.331000 0.481859 0.333167 0.493609 0.338958 0.495781 0.347146 0.491625 0.349562 0.485297 0.347396 0.483125 0.356563 0.468844 0.351729
1 0.678641 0.367396 0.672781 0.371854 0.675922 0.398354 0.680531 0.401688 0.686875 0.400208 0.689516 0.405875 0.696422 0.412021 0.705422 0.411458 0.709812 0.400021 0.708344 0.383000 0.705844 0.370458 0.698516 0.355396 0.690781 0.348333 0.681984 0.347583 0.677594 0.358750
1 0.616141 0.697562 0.612594 0.705083 0.612172 0.715958 0.618031 0.724875 0.629531 0.725729 0.640203 0.715687 0.648984 0.705354 0.653375 0.688062 0.655047 0.676354 0.649609 0.664917 0.641875 0.663813 0.635797 0.670771 0.631406 0.665750 0.620750 0.669667 0.612797 0.679417 0.609859 0.690583
1 0.327516 0.675208 0.316281 0.672708 0.306906 0.690208 0.316656 0.716708 0.334641 0.725708 0.347766 0.725708 0.357891 0.717208 0.349266 0.695208 0.355266 0.692208 0.356766 0.678708 0.347391 0.669229 0.334641 0.667229
1 0.290000 0.374562 0.284969 0.354479 0.270969 0.353646 0.258828 0.375396 0.258203 0.400771 0.262594 0.418354 0.272219 0.421417 0.282469 0.411375 0.282672 0.406625 0.288734 0.407187 0.295859 0.394083 0.295438 0.377063
1 0.486891 0.262833 0.497063 0.259271 0.501656 0.248312 0.497297 0.231854 0.484234 0.218625 0.469953 0.217000 0.457609 0.221521 0.449625 0.233792 0.451797 0.245729 0.458094 0.257979 0.460750 0.263146 0.468984 0.270250 0.481813 0.267354
1 0.885672 0.200271 0.871813 0.200271 0.863562 0.221271 0.862438 0.249250 0.867688 0.281250 0.878172 0.310229 0.895422 0.327229 0.910797 0.332729 0.922422 0.326229 0.928031 0.306729 0.930281 0.275750 0.920922 0.243250 0.908547 0.217271 0.899922 0.208771
1 0.829859 0.847333 0.802000 0.852500 0.778344 0.875833 0.764406 0.906500 0.759547 0.941500 0.773484 0.970021 0.798438 0.965687 0.825969 0.941062 0.842172 0.907813 0.848328 0.871521
1 0.156625 0.864688 0.143656 0.875500 0.140750 0.900104 0.151438 0.935542 0.162453 0.954104 0.182219 0.972250 0.205547 0.977875 0.218828 0.972250 0.226609 0.959729 0.227906 0.935542 0.218187 0.910917 0.201047 0.887146 0.175734 0.863396
1 0.070187 0.217229 0.050578 0.241104 0.038469 0.274667 0.034125 0.304042 0.035578 0.331458 0.050094 0.346958 0.069937 0.343729 0.087609 0.331792 0.097531 0.305979 0.101641 0.276604 0.103094 0.248208 0.093172 0.220458
0 0.084375 0.237500 0.067187 0.239583 0.053125 0.258333 0.048438 0.302083 0.053125 0.316667 0.059375 0.322917 0.068750 0.325000 0.084375 0.312500 0.092188 0.289583 0.093750 0.258333
0 0.167187 0.891667 0.162500 0.900000 0.165625 0.933333 0.178125 0.947917 0.190625 0.954167 0.207813 0.950000 0.212500 0.939583 0.209375 0.910417 0.193750 0.891667 0.182812 0.887500
0 0.817187 0.877083 0.796875 0.875000 0.784375 0.883333 0.773438 0.904167 0.773438 0.931250 0.785937 0.941667 0.796875 0.941667 0.810937 0.933333 0.820312 0.918750 0.823438 0.893750
0 0.876563 0.237500 0.868750 0.250000 0.868750 0.268750 0.876563 0.293750 0.892188 0.308333 0.906250 0.304167 0.912500 0.293750 0.912500 0.266667 0.904687 0.247917 0.895312 0.237500
0 0.462500 0.233333 0.457813 0.243750 0.457813 0.264583 0.473438 0.275000 0.482812 0.270833 0.490625 0.254167 0.489063 0.235417
0 0.353125 0.414583 0.351562 0.435417 0.367188 0.437500 0.370312 0.429167 0.368750 0.416667 0.364063 0.412500
0 0.395313 0.604167 0.390625 0.610417 0.390625 0.620833 0.395313 0.627083 0.404687 0.627083 0.409375 0.616667 0.406250 0.606250
0 0.571875 0.596458 0.565312 0.610625 0.570312 0.620833 0.575625 0.623542 0.584375 0.614583 0.584375 0.602083
0 0.601562 0.414583 0.601562 0.431250 0.604688 0.435417 0.615625 0.435417 0.618750 0.429167 0.615625 0.414583
0 0.273438 0.372917 0.268750 0.381250 0.268750 0.402083 0.278125 0.408333 0.290625 0.406250 0.295312 0.395833 0.295312 0.379167 0.289062 0.372917
0 0.337500 0.668750 0.326562 0.681250 0.326562 0.695833 0.334375 0.708333 0.342187 0.710417 0.354687 0.697917 0.356250 0.683333 0.351562 0.672917
0 0.626563 0.668750 0.617188 0.675000 0.612500 0.693750 0.618750 0.708333 0.632812 0.710417 0.640625 0.702083 0.643750 0.687500 0.637500 0.672917
0 0.673438 0.375000 0.675000 0.395833 0.681250 0.404167 0.698438 0.397917 0.700000 0.375000 0.695312 0.368750 0.678125 0.368750
0 0.470469 0.333750 0.467031 0.351042 0.482812 0.356250 0.485938 0.350000 0.484375 0.339583
