1 0.826844 0.847229 0.842812 0.866583 0.845953 0.892417 0.829984 0.931458 0.811344 0.954375 0.789813 0.965979 0.766328 0.965333 0.759312 0.952104 0.758594 0.915958 0.770203 0.891437 0.780609 0.872083 0.804578 0.850125
1 0.143422 0.896146 0.154672 0.937125 0.175656 0.966125 0.194406 0.977125 0.213141 0.978625 0.227766 0.968625 0.228141 0.935625 0.223266 0.903146 0.197406 0.874646 0.165531 0.864146 0.153172 0.872646
1 0.082156 0.227000 0.061109 0.234437 0.048516 0.262500 0.041750 0.305104 0.044406 0.330271 0.057469 0.343500 0.070781 0.349625 0.088453 0.340604 0.096688 0.322854 0.104422 0.293479 0.107094 0.257667 0.097406 0.238625
0 0.610734 0.408979 0.600891 0.411062 0.603391 0.431896 0.609484 0.433563 0.619328 0.426896 0.615578 0.412312
1 0.386891 0.617688 0.392516 0.629146 0.399859 0.636021 0.405484 0.636646 0.407047 0.633313 0.405484 0.624771 0.403922 0.623104 0.408141 0.620396 0.404859 0.610187 0.398922 0.604563 0.395797 0.606021 0.386891 0.602688 0.384078 0.607688 0.384547 0.611437
1 0.556141 0.601250 0.558641 0.604375 0.556609 0.608750 0.555359 0.614167 0.559734 0.617708 0.569891 0.615000 0.576766 0.608958 0.580828 0.601250 0.581766 0.588750 0.579266 0.582292 0.575203 0.582500 0.569422 0.587917 0.568016 0.588542 0.562078 0.585208 0.557703 0.590625 0.555672 0.595833
1 0.608375 0.410000 0.600094 0.410208 0.603531 0.427292 0.605250 0.430208 0.610719 0.429583 0.614313 0.433958 0.617125 0.436458 0.622125 0.433958 0.624313 0.425833 0.624937 0.415208 0.621031 0.403750 0.614938 0.397917 0.611812 0.399375 0.609625 0.405833
1 0.485813 0.363354 0.485813 0.372312 0.496922 0.372937 0.500344 0.367938 0.500656 0.361896 0.507547 0.358771 0.508328 0.351896 0.501125 0.345021 0.491141 0.345438 0.482078 0.349396 0.477859 0.356479 0.481125 0.366479
0 0.562563 0.585104 0.554281 0.593021 0.553969 0.602187 0.561937 0.608021 0.568031 0.607396 0.573656 0.590729
0 0.499344 0.217708 0.488094 0.213333 0.476844 0.221875 0.473406 0.233958 0.477313 0.248958 0.485438 0.254167 0.492469 0.253958 0.497312 0.252292 0.503406 0.245833 0.504344 0.233771
0 0.078359 0.252083 0.067266 0.255167 0.053281 0.270417 0.049703 0.295604 0.049484 0.314292 0.059531 0.331250 0.081094 0.327917 0.093625 0.298667 0.092375 0.268271
0 0.171187 0.889958 0.162594 0.904188 0.168234 0.931521 0.176812 0.947417 0.193562 0.953833 0.206094 0.953562 0.215109 0.941562 0.213828 0.921750 0.205484 0.903917 0.186859 0.891354
0 0.821141 0.884167 0.814234 0.870500 0.807750 0.867708 0.793313 0.873563 0.779516 0.891417 0.771344 0.915958 0.774062 0.930458 0.784312 0.943021 0.796234 0.943292 0.812344 0.934375 0.819047 0.917083 0.823438 0.902021 0.824062 0.891979
0 0.899094 0.235396 0.886750 0.225896 0.873156 0.230646 0.869594 0.248500 0.872344 0.271083 0.880484 0.290042 0.889047 0.300375 0.903484 0.305667 0.912266 0.296187 0.912687 0.268021 0.909969 0.249896
0 0.273641 0.376771 0.266141 0.384688 0.263797 0.394687 0.261766 0.404062 0.267234 0.410521 0.276141 0.416563 0.281453 0.416354 0.287391 0.409062 0.290828 0.397812 0.290516 0.387813 0.281141 0.378854
0 0.338031 0.670458 0.326313 0.681500 0.324594 0.691500 0.330219 0.703583 0.334125 0.709833 0.341156 0.711500 0.353500 0.703792 0.355687 0.691500 0.350687 0.677125 0.345844 0.673375
0 0.638766 0.676167 0.638922 0.688458 0.632828 0.696583 0.624391 0.703875 0.617516 0.700750 0.610484 0.692625 0.607828 0.680333 0.613297 0.669500 0.621422 0.665333 0.627672 0.664083
0 0.691484 0.362104 0.675547 0.364813 0.672422 0.375854 0.673047 0.387937 0.677734 0.396687 0.685391 0.398146 0.695234 0.393771 0.698984 0.386479 0.697109 0.368771
0 0.498313 0.352792 0.488312 0.352792 0.482844 0.358417 0.486750 0.371542 0.493781 0.375292 0.501125 0.369667 0.500969 0.362167
0 0.354266 0.415875 0.347234 0.419833 0.346141 0.430875 0.348016 0.438375 0.352859 0.442125 0.360984 0.443583 0.366297 0.433792 0.365516 0.419833
0 0.397359 0.604812 0.389703 0.612937 0.389234 0.618979 0.393609 0.626896 0.400172 0.628146 0.408922 0.620646 0.405641 0.609604
1 0.354156 0.418292 0.362828 0.422375 0.363203 0.437333 0.357406 0.442146 0.351625 0.439021 0.349281 0.446250 0.344391 0.448417 0.340313 0.440000 0.341500 0.420938 0.344531 0.410417 0.350156 0.405208 0.355313 0.411250
1 0.678969 0.364146 0.673969 0.365187 0.672562 0.378104 0.674594 0.391021 0.680063 0.396646 0.687563 0.394979 0.689594 0.405396 0.700375 0.409562 0.706156 0.403521 0.708812 0.392271 0.707562 0.376021 0.704281 0.362479 0.696156 0.349771 0.691312 0.343521 0.682094 0.344979 0.677719 0.354771
1 0.612750 0.691583 0.608844 0.702000 0.610563 0.711792 0.618531 0.717625 0.629156 0.712417 0.639313 0.704292 0.644313 0.694292 0.648531 0.682833 0.650406 0.671375 0.649469 0.662833 0.641344 0.657208 0.633531 0.663250 0.628375 0.668250 0.625250 0.662417 0.616969 0.668458 0.609000 0.677625 0.608688 0.688667
1 0.319812 0.703937 0.330281 0.718937 0.342000 0.725604 0.350906 0.723104 0.355125 0.718521 0.353563 0.707479 0.350906 0.699146 0.354656 0.693104 0.351688 0.684771 0.347469 0.676229 0.342313 0.670813 0.337938 0.671438 0.334656 0.674771 0.329188 0.669354 0.321688 0.667479 0.315594 0.675812 0.316375 0.692271
1 0.287156 0.383937 0.287625 0.370604 0.284031 0.362479 0.277000 0.361021 0.264500 0.369771 0.258094 0.388937 0.254031 0.407687 0.257625 0.419562 0.264344 0.426021 0.270750 0.427479 0.275438 0.418938 0.276688 0.412687 0.280750 0.416021 0.285438 0.411021 0.290438 0.399146 0.290438 0.385813
1 0.485156 0.202083 0.505297 0.203937 0.511984 0.214792 0.511437 0.227083 0.501859 0.234792 0.502219 0.247333 0.494812 0.250229 0.483234 0.251188 0.477453 0.246604 0.478906 0.236250 0.469672 0.237937 0.461188 0.229729 0.463344 0.215271
1 0.876938 0.196854 0.891188 0.199458 0.911609 0.215438 0.923922 0.250000 0.931047 0.299250 0.924563 0.314792 0.914844 0.323875 0.896047 0.323875 0.879203 0.306583 0.869156 0.278083 0.863984 0.253458 0.861063 0.229687 0.868844 0.204646
