1 0.349109 0.425604 0.350828 0.415604 0.356297 0.406438 0.362547 0.404979 0.362859 0.418312 0.367859 0.419354 0.368953 0.431438 0.365203 0.437896 0.359109 0.437479 0.357703 0.443729 0.353016 0.447896 0.347391 0.437688
1 0.474359 0.369604 0.480453 0.371271 0.486859 0.371271 0.487016 0.365437 0.490609 0.361063 0.494531 0.357500 0.488422 0.351687 0.475922 0.349604 0.467031 0.352917 0.464062 0.359167 0.469688 0.362917 0.471078 0.369188
1 0.140313 0.935833 0.163594 0.972292 0.196719 0.980417 0.230156 0.973333 0.231781 0.946875 0.223109 0.906979 0.200109 0.874583 0.174953 0.861854 0.151531 0.861854 0.132812 0.891458
1 0.836203 0.854187 0.842094 0.871729 0.842656 0.896750 0.834812 0.923625 0.817453 0.944542 0.798969 0.962083 0.776281 0.970688 0.761719 0.954625 0.758641 0.928479 0.767609 0.905708 0.782453 0.876583 0.798406 0.856417 0.817453 0.847458
1 0.888547 0.201396 0.910812 0.220104 0.921953 0.251396 0.928969 0.285292 0.926313 0.314979 0.917594 0.328854 0.901625 0.331437 0.888062 0.319500 0.873797 0.294958 0.862422 0.263021 0.860484 0.233000 0.863141 0.211063
1 0.466281 0.259042 0.474031 0.268458 0.485438 0.266771 0.492312 0.261458 0.492672 0.253021 0.505156 0.247229 0.506781 0.234708 0.489234 0.220250 0.471344 0.218062 0.459391 0.228188 0.453813 0.235187 0.458141 0.247229 0.466094 0.247729
1 0.290797 0.400292 0.293453 0.390708 0.292672 0.379875 0.282203 0.377792 0.282047 0.363417 0.277047 0.356958 0.266734 0.372167 0.261109 0.396333 0.260172 0.413625 0.267203 0.419667 0.271109 0.414042 0.273141 0.405917 0.286422 0.411750
1 0.315469 0.702271 0.327031 0.719792 0.338281 0.725833 0.351047 0.728083 0.354672 0.721646 0.347656 0.701958 0.351766 0.693563 0.347422 0.680979 0.338469 0.674208 0.331688 0.674521 0.324375 0.669583 0.315234 0.665479 0.311359 0.682271
1 0.084922 0.220104 0.096906 0.237375 0.101437 0.266750 0.095281 0.304771 0.082969 0.332854 0.061594 0.347979 0.047016 0.347542 0.036969 0.313417 0.039891 0.272812 0.053484 0.239979 0.065797 0.222271
0 0.079531 0.249333 0.068016 0.251000 0.057141 0.264958 0.049828 0.290604 0.049609 0.305396 0.054219 0.320729 0.063203 0.327146 0.073453 0.325188 0.082250 0.316542 0.087266 0.303708 0.094578 0.284187 0.089781 0.257708
0 0.170984 0.889729 0.160672 0.903729 0.164469 0.925437 0.174234 0.942542 0.184188 0.952188 0.200094 0.955542 0.208766 0.949500 0.213281 0.938688 0.208953 0.919396 0.204609 0.907354 0.191234 0.891687
0 0.812922 0.873021 0.819797 0.882188 0.822297 0.900312 0.817922 0.914896 0.808078 0.927396 0.798078 0.937604 0.786672 0.939688 0.778234 0.934063 0.774641 0.924479 0.775266 0.909062 0.780266 0.893229 0.789953 0.880313 0.802609 0.873229
0 0.882250 0.232813 0.893766 0.234500 0.903594 0.246771 0.909453 0.267958 0.910078 0.290833 0.906938 0.300313 0.897109 0.304229 0.885609 0.300583 0.878922 0.286646 0.872625 0.272146 0.871406 0.253188 0.874516 0.234500
0 0.468484 0.234021 0.478734 0.229271 0.489609 0.230667 0.495469 0.243792 0.492547 0.265813 0.485219 0.270833 0.473719 0.269438 0.465766 0.265542 0.465344 0.247958
0 0.274656 0.375854 0.269500 0.384396 0.267156 0.398146 0.268719 0.407521 0.285750 0.410646 0.290594 0.404396 0.293094 0.393979 0.292937 0.381271
0 0.337688 0.672208 0.326437 0.684292 0.324719 0.690542 0.326281 0.695542 0.333000 0.708875 0.340500 0.712000 0.351125 0.698875 0.352063 0.689500 0.345031 0.678042
0 0.632891 0.673583 0.625859 0.671708 0.616953 0.677333 0.612891 0.689833 0.614297 0.695667 0.624609 0.707125 0.630859 0.709208 0.639297 0.703375 0.642266 0.693375 0.643828 0.684833
0 0.689547 0.364333 0.677203 0.366000 0.673609 0.369750 0.672828 0.375167 0.674703 0.390792 0.677516 0.397458 0.682828 0.398500 0.695641 0.394125 0.698141 0.387042 0.695953 0.369958
0 0.472687 0.356708 0.480187 0.355458 0.487844 0.357542 0.487219 0.372542 0.483469 0.374833 0.474719 0.374625 0.470031 0.372333 0.471281 0.365042
0 0.358687 0.417104 0.367750 0.420646 0.368531 0.428979 0.366344 0.434812 0.363750 0.438125 0.358281 0.437292 0.352813 0.435000 0.353219 0.425229
0 0.396219 0.606146 0.404172 0.610938 0.405125 0.624688 0.401516 0.628208 0.396531 0.631333 0.391359 0.626354 0.387297 0.619687 0.389188 0.612396
0 0.576547 0.597417 0.583406 0.606563 0.583234 0.611396 0.581063 0.615479 0.578703 0.619833 0.574375 0.623542 0.569844 0.617708 0.565156 0.613750 0.570578 0.600542
0 0.613016 0.411208 0.600969 0.411208 0.600187 0.424125 0.603000 0.431000 0.607688 0.432875 0.615672 0.431000 0.616453 0.419333
1 0.601187 0.412208 0.601031 0.420333 0.602437 0.427625 0.604781 0.432625 0.609000 0.432625 0.613531 0.437417 0.617281 0.439917 0.620250 0.430750 0.619156 0.415333 0.616344 0.406792 0.610094 0.399500 0.605781 0.398958 0.604781 0.409292
1 0.568984 0.617104 0.566328 0.623146 0.566172 0.629604 0.570547 0.631271 0.579453 0.624396 0.587891 0.613563 0.589922 0.606063 0.588984 0.596479 0.583203 0.597729 0.580391 0.601271 0.575703 0.596896 0.571172 0.599813 0.564766 0.611896
1 0.400406 0.609292 0.403844 0.615542 0.402281 0.623458 0.404156 0.627625 0.405406 0.636167 0.404781 0.638250 0.395250 0.634917 0.387750 0.626375 0.383062 0.618042 0.380875 0.607000 0.383062 0.603875 0.390875 0.610333 0.396813 0.605750
1 0.618563 0.680104 0.624031 0.673438 0.628875 0.670938 0.635125 0.673021 0.640125 0.669479 0.652313 0.668854 0.654656 0.679896 0.649188 0.703437 0.637937 0.718021 0.624969 0.724271 0.614812 0.723021 0.612469 0.711979 0.617156 0.698438 0.614031 0.693438
1 0.673266 0.381375 0.674047 0.391792 0.678422 0.396583 0.684984 0.395750 0.687953 0.404083 0.693422 0.410750 0.699984 0.412208 0.705141 0.404083 0.706391 0.390333 0.704203 0.372833 0.699516 0.359917 0.692484 0.349917 0.686547 0.347000 0.682016 0.348667 0.678422 0.355125 0.678891 0.365333 0.673734 0.368042
