0 0.495844 0.205396 0.490062 0.199771 0.483656 0.199354 0.476625 0.200188 0.471938 0.204771 0.469438 0.212479 0.469750 0.224354 0.470375 0.229771 0.478969 0.233312 0.489750 0.232687 0.496469 0.228313 0.496406 0.215000
1 0.884531 0.201167 0.902688 0.215354 0.921813 0.253438 0.926891 0.292167 0.922297 0.323458 0.910187 0.331854 0.891797 0.325083 0.872922 0.305708 0.856469 0.262792 0.853797 0.236333 0.860328 0.203750
1 0.811063 0.855708 0.828703 0.852354 0.844953 0.869896 0.840500 0.910604 0.824500 0.944583 0.787563 0.970708 0.771328 0.968479 0.762344 0.961000 0.753969 0.933750 0.762094 0.912479 0.773562 0.885958 0.792578 0.862438
1 0.146797 0.875708 0.141172 0.902188 0.148672 0.944688 0.167781 0.964667 0.191031 0.978167 0.206766 0.978667 0.221766 0.972167 0.229641 0.951187 0.222516 0.922187 0.205281 0.895188 0.183531 0.873708 0.162531 0.867708
1 0.088266 0.212729 0.059422 0.223187 0.038406 0.276583 0.038406 0.317646 0.047375 0.339688 0.060813 0.351625 0.086578 0.331104 0.099453 0.297500 0.108984 0.264646 0.101703 0.227667
0 0.601844 0.413708 0.592625 0.418083 0.591219 0.423708 0.592938 0.432667 0.594812 0.440167 0.601063 0.438917 0.608250 0.433708 0.606219 0.421208
0 0.678234 0.367188 0.667563 0.368875 0.662687 0.373688 0.661234 0.386708 0.665391 0.402146 0.674797 0.408646 0.685109 0.401167 0.688719 0.392729 0.685469 0.371042
0 0.573078 0.599396 0.566984 0.607104 0.564016 0.617104 0.568859 0.625021 0.574953 0.626687 0.584641 0.617104 0.579953 0.603979
0 0.396781 0.608292 0.387250 0.617458 0.387875 0.626833 0.394906 0.636417 0.399906 0.635167 0.407250 0.628292 0.406156 0.614750
0 0.375844 0.425542 0.367250 0.420958 0.363500 0.421792 0.358344 0.429292 0.358812 0.437000 0.362406 0.440958 0.367250 0.443042 0.370531 0.443875 0.375688 0.437208
0 0.489406 0.321021 0.487375 0.314979 0.475656 0.314979 0.473313 0.318104 0.473000 0.332687 0.476906 0.335604 0.484406 0.335604 0.488469 0.334979
0 0.633484 0.674292 0.622078 0.674500 0.615359 0.684708 0.613641 0.702208 0.619266 0.708042 0.628172 0.715542 0.637547 0.712208 0.643953 0.701583 0.643172 0.687625
0 0.335781 0.675646 0.325000 0.688562 0.323750 0.701479 0.327344 0.712313 0.334375 0.717313 0.341875 0.715438 0.354219 0.702938 0.352813 0.691271 0.345625 0.679813
0 0.303125 0.383417 0.286813 0.374229 0.277406 0.383979 0.274688 0.395708 0.274266 0.407687 0.289125 0.415500 0.300625 0.412708 0.304813 0.395979
1 0.468609 0.221771 0.456266 0.216479 0.452500 0.203917 0.461078 0.193042 0.480953 0.185792 0.498109 0.189417 0.506469 0.198896 0.509188 0.213687 0.499563 0.220667 0.494766 0.220937 0.492875 0.230979 0.479063 0.232646 0.470703 0.230708
0 0.090031 0.236750 0.079563 0.238146 0.068687 0.253208 0.058437 0.276083 0.055922 0.292813 0.059906 0.309542 0.081453 0.311229 0.090859 0.298104 0.097344 0.280812 0.098188 0.256000 0.096922 0.245688
0 0.168766 0.895396 0.160812 0.908167 0.164969 0.920458 0.175266 0.942146 0.190281 0.951313 0.202750 0.951313 0.210891 0.942875 0.211609 0.928167 0.206000 0.912500 0.192437 0.897312 0.179609 0.891292
0 0.814109 0.879437 0.806594 0.876104 0.795828 0.879021 0.780984 0.894854 0.773625 0.910062 0.773172 0.925062 0.776438 0.932979 0.785344 0.939229 0.793156 0.940063 0.803172 0.938187 0.809891 0.929854 0.812844 0.922562 0.818156 0.910062 0.818625 0.894646 0.818484 0.885479
0 0.888047 0.232833 0.878516 0.231583 0.873047 0.235333 0.866797 0.248458 0.866328 0.257833 0.868359 0.268042 0.869922 0.274083 0.875703 0.285750 0.888984 0.303875 0.900859 0.303667 0.906328 0.296375 0.907578 0.285542 0.908047 0.269500 0.897266 0.243458
1 0.593031 0.418208 0.591938 0.423208 0.593969 0.431542 0.596781 0.436750 0.598812 0.438208 0.602406 0.436542 0.605844 0.441958 0.610062 0.442583 0.613344 0.438000 0.612250 0.428208 0.608500 0.417167 0.605844 0.410500 0.601781 0.407583 0.598187 0.407583 0.596938 0.413417 0.597094 0.416750
1 0.579812 0.606958 0.576688 0.602583 0.570594 0.604250 0.567937 0.609667 0.566688 0.616958 0.569187 0.619458 0.568094 0.624250 0.566219 0.632792 0.569031 0.634667 0.575437 0.633208 0.579812 0.628833 0.583719 0.622375 0.587469 0.615708 0.589500 0.610500 0.589344 0.604042 0.588094 0.601750 0.582625 0.603417
1 0.380391 0.624313 0.387734 0.638479 0.395234 0.644729 0.401172 0.646188 0.405859 0.642854 0.406797 0.636604 0.401484 0.629104 0.404453 0.626188 0.405391 0.620771 0.402109 0.613896 0.395859 0.611812 0.392266 0.614729 0.389766 0.613479 0.383984 0.609937 0.380547 0.616396
1 0.365313 0.442500 0.369656 0.442875 0.373875 0.435167 0.375437 0.426833 0.370281 0.423292 0.369656 0.415375 0.366687 0.411417 0.359187 0.417458 0.354813 0.428292 0.353563 0.440375 0.354656 0.448292 0.361063 0.450167 0.363563 0.446000
1 0.474500 0.323875 0.474812 0.330750 0.479031 0.334917 0.485594 0.333667 0.489656 0.331792 0.489344 0.323667 0.495906 0.319917 0.496531 0.315750 0.494344 0.311792 0.486531 0.309917 0.477313 0.310125 0.473406 0.310958 0.469813 0.313042 0.466062 0.315542 0.466531 0.320958 0.472000 0.323250
1 0.670094 0.369000 0.663766 0.374542 0.662141 0.385625 0.663766 0.395500 0.668109 0.405875 0.675344 0.406354 0.678422 0.406104 0.681484 0.414792 0.687453 0.418896 0.694141 0.415042 0.698281 0.404792 0.697969 0.391042 0.696406 0.377292 0.694063 0.370000 0.692656 0.362292 0.688719 0.355250 0.682750 0.351646 0.678047 0.355250 0.675938 0.361875 0.675516 0.368021
1 0.616500 0.701729 0.613531 0.712146 0.613687 0.722146 0.618531 0.727563 0.627906 0.727979 0.638219 0.719437 0.650094 0.706104 0.652750 0.689021 0.653219 0.678604 0.648844 0.673187 0.641344 0.672354 0.636500 0.677979 0.634531 0.679792 0.630250 0.675479 0.621344 0.678396 0.615875 0.685479 0.613844 0.697354
1 0.319578 0.711750 0.329609 0.726250 0.341750 0.731542 0.349062 0.729313 0.354500 0.723458 0.352828 0.711750 0.349484 0.705063 0.351578 0.700313 0.348234 0.689167 0.341125 0.681625 0.334000 0.678562 0.332547 0.682750 0.326063 0.677438 0.320406 0.676333 0.314547 0.680521 0.311625 0.693063 0.314969 0.703375
1 0.299500 0.382292 0.297000 0.369167 0.292781 0.360000 0.278719 0.365625 0.268250 0.383750 0.265906 0.404375 0.268719 0.420625 0.274031 0.429375 0.279344 0.429167 0.285594 0.419375 0.287781 0.410000 0.296375 0.413542 0.302469 0.406667 0.304031 0.386875
