0 0.085766 0.256833 0.074969 0.243625 0.057891 0.271208 0.052484 0.304792 0.055188 0.328771 0.080312 0.325417 0.092969 0.296396 0.097453 0.276021
0 0.286313 0.378063 0.278813 0.383896 0.274594 0.394729 0.273344 0.403479 0.274906 0.409313 0.286156 0.416604 0.295844 0.419521 0.302250 0.409104 0.303187 0.394313 0.301625 0.381396
0 0.339234 0.674687 0.323516 0.689146 0.324234 0.701688 0.333094 0.716146 0.340328 0.717833 0.353156 0.703625 0.353891 0.689875 0.346656 0.681688
0 0.630125 0.673417 0.619719 0.676000 0.611484 0.691500 0.613672 0.706333 0.624563 0.714417 0.634969 0.715708 0.644156 0.702458 0.644891 0.689229
0 0.679922 0.367708 0.662422 0.373125 0.659453 0.390833 0.663047 0.400208 0.669297 0.408542 0.690547 0.401042 0.689297 0.373125
0 0.490219 0.319021 0.474906 0.315271 0.471625 0.334229 0.479594 0.339229 0.492094 0.337771
0 0.376078 0.429146 0.364047 0.420604 0.359828 0.424354 0.357016 0.432479 0.357016 0.437479 0.364359 0.443729 0.369047 0.444979 0.374828 0.438104
0 0.397156 0.609250 0.386375 0.620500 0.387937 0.626750 0.394031 0.633417 0.399031 0.634250 0.405125 0.628000 0.406531 0.620917 0.402938 0.614458
0 0.603219 0.415958 0.593531 0.418458 0.592906 0.428250 0.594781 0.434708 0.597594 0.440125 0.599156 0.439708 0.605563 0.436792 0.610563 0.433667 0.608375 0.420333
1 0.481172 0.234458 0.488359 0.234271 0.494141 0.228646 0.495078 0.222604 0.504766 0.219271 0.508516 0.211146 0.505391 0.198000 0.497266 0.193646 0.485234 0.190312 0.478672 0.190104 0.467109 0.195104 0.460547 0.202396 0.457891 0.209271 0.462109 0.218437 0.469297 0.219875 0.471484 0.228021 0.474453 0.232813
1 0.085125 0.218292 0.097719 0.226146 0.104172 0.261229 0.101078 0.295958 0.089328 0.322104 0.080000 0.342292 0.061313 0.353083 0.042000 0.346000 0.037516 0.323583 0.039203 0.289250 0.047594 0.253771 0.067203 0.225021
1 0.477594 0.335021 0.489156 0.335437 0.489938 0.326062 0.497438 0.323979 0.495406 0.315437 0.485875 0.313562 0.476969 0.313771 0.470094 0.314604 0.467594 0.318979 0.468375 0.325646 0.474781 0.327104 0.475719 0.334396
1 0.175094 0.863958 0.209203 0.886458 0.227234 0.914938 0.230609 0.947437 0.224625 0.969917 0.213375 0.980417 0.180000 0.981417 0.153391 0.959917 0.147391 0.921438 0.147766 0.877458
1 0.824844 0.851646 0.839422 0.872812 0.840391 0.910396 0.819000 0.946688 0.796000 0.969146 0.775594 0.972604 0.758422 0.954896 0.757453 0.930708 0.765547 0.906500 0.775594 0.876271 0.807016 0.848187
1 0.881016 0.202458 0.908766 0.220958 0.922641 0.260854 0.928281 0.295563 0.922219 0.325625 0.909641 0.340083 0.889250 0.333146 0.869734 0.308854 0.858016 0.264917 0.859328 0.225583
1 0.296969 0.383208 0.298234 0.371646 0.292813 0.359354 0.283422 0.360563 0.272031 0.377667 0.265344 0.399354 0.267875 0.418167 0.276000 0.428042 0.285766 0.426833 0.290469 0.415750 0.298063 0.415042 0.302578 0.400333 0.303125 0.386833
1 0.342484 0.674271 0.329094 0.667771 0.319156 0.669708 0.316266 0.681750 0.316812 0.700792 0.324219 0.719604 0.334703 0.731646 0.349344 0.733333 0.355859 0.722479 0.352234 0.707062 0.354234 0.696937 0.348813 0.684896
1 0.362438 0.442125 0.369625 0.445250 0.374000 0.432958 0.374781 0.427333 0.369156 0.422958 0.369062 0.414792 0.365000 0.414167 0.359781 0.415875 0.355875 0.424417 0.354156 0.439417 0.355563 0.447958 0.361344 0.446708
1 0.389844 0.610833 0.395797 0.610792 0.401109 0.613083 0.405172 0.620375 0.405172 0.626417 0.402984 0.629542 0.405484 0.635167 0.402672 0.641417 0.397516 0.642667 0.389547 0.637250 0.384703 0.628083 0.381422 0.613917 0.385328 0.611000
1 0.568312 0.619312 0.565969 0.614521 0.570344 0.604104 0.577688 0.600979 0.582219 0.601604 0.588156 0.600146 0.590188 0.610563 0.587844 0.618688 0.580187 0.629312 0.573313 0.634104 0.567844 0.635563 0.565813 0.629729
0 0.584453 0.612583 0.576797 0.601125 0.567969 0.606458 0.564688 0.616458 0.571953 0.627583 0.579297 0.628625
0 0.496844 0.209375 0.491406 0.200437 0.480750 0.200167 0.470703 0.204354 0.468187 0.212438 0.469656 0.230563 0.476562 0.238083 0.486594 0.236687 0.495391 0.233625 0.497891 0.223021
0 0.170516 0.890854 0.160594 0.905708 0.161562 0.929583 0.174391 0.952167 0.190375 0.958625 0.205375 0.960229 0.215531 0.946354 0.216750 0.927333 0.206578 0.900542 0.183594 0.888917
1 0.599859 0.416729 0.593922 0.417979 0.592516 0.427979 0.595484 0.435688 0.596891 0.439229 0.601578 0.439646 0.605016 0.441313 0.609078 0.445271 0.612672 0.441521 0.612984 0.429854 0.610172 0.417146 0.605328 0.408812 0.601734 0.407562 0.600484 0.411521
1 0.634703 0.680854 0.630719 0.674708 0.622141 0.677500 0.616078 0.689771 0.615031 0.699250 0.618172 0.704562 0.614844 0.716042 0.617547 0.727708 0.629891 0.725750 0.642641 0.714875 0.651844 0.702313 0.655828 0.683354 0.652891 0.674979 0.642219 0.671354
1 0.672875 0.369979 0.664750 0.374562 0.663500 0.383729 0.667094 0.397479 0.671312 0.404562 0.678031 0.404562 0.683188 0.413312 0.693187 0.417688 0.697094 0.408729 0.699750 0.390187 0.696000 0.371646 0.688812 0.358521 0.681156 0.353937 0.675844 0.354146
0 0.815828 0.873458 0.805906 0.872167 0.787031 0.878312 0.773953 0.898000 0.767906 0.924771 0.774687 0.938333 0.789687 0.944458 0.807844 0.941875 0.821641 0.914438 0.822125 0.891208
0 0.879719 0.230458 0.867141 0.236271 0.864469 0.253688 0.864953 0.276313 0.875125 0.294042 0.888437 0.307583 0.902719 0.306333 0.911672 0.292125 0.911187 0.263083 0.901500 0.243083
