1 0.570719 0.607125 0.576031 0.601917 0.580406 0.604833 0.585875 0.601292 0.591969 0.607542 0.586188 0.625250 0.576031 0.636917 0.568375 0.637333 0.566812 0.630250 0.569937 0.622750 0.566812 0.616292
0 0.566922 0.618771 0.575344 0.627104 0.581766 0.622521 0.584719 0.613146 0.582688 0.608563 0.576609 0.601688 0.568937 0.603146 0.566141 0.611062 0.566141 0.614396
0 0.358063 0.440458 0.367594 0.445458 0.371500 0.445042 0.375250 0.431708 0.373375 0.424000 0.364625 0.421083 0.361031 0.423583 0.358375 0.435042
0 0.473625 0.319937 0.479406 0.314312 0.487531 0.315146 0.490812 0.318479 0.489406 0.332854 0.480969 0.336812 0.473781 0.333896
0 0.663609 0.375854 0.680016 0.368771 0.686734 0.372521 0.688766 0.382937 0.688141 0.396271 0.684078 0.401896 0.670172 0.405438 0.666266 0.403771 0.663453 0.391896
0 0.615297 0.699563 0.625766 0.713521 0.634047 0.713313 0.639047 0.705187 0.643734 0.699354 0.642953 0.691021 0.633422 0.677687 0.628422 0.676021 0.623578 0.677687 0.616234 0.683104 0.613422 0.694979
0 0.388828 0.620479 0.396641 0.610250 0.400859 0.611292 0.404609 0.615875 0.405547 0.620896 0.405703 0.624833 0.403203 0.629229 0.397422 0.633583 0.394141 0.633396 0.388828 0.627146
0 0.325672 0.693292 0.336141 0.677458 0.342859 0.677250 0.348172 0.684542 0.352859 0.693500 0.353328 0.699958 0.347391 0.707250 0.340516 0.716208 0.332703 0.713917 0.327391 0.704958
0 0.286609 0.379688 0.281141 0.381563 0.277234 0.389479 0.275047 0.399687 0.274266 0.406562 0.290359 0.417792 0.295828 0.416563 0.300047 0.408229 0.301297 0.395521 0.299422 0.384896
0 0.495437 0.210396 0.491797 0.199479 0.481797 0.197667 0.475203 0.201000 0.468828 0.207667 0.469297 0.225875 0.475656 0.232833 0.483391 0.234667 0.490219 0.233750 0.495672 0.228896
0 0.875563 0.233021 0.888250 0.233500 0.900266 0.249938 0.907625 0.274833 0.907625 0.291271 0.904797 0.300187 0.891422 0.305354 0.881594 0.302063 0.873453 0.291271 0.867812 0.272000 0.865703 0.250875 0.868875 0.236833
0 0.809391 0.874563 0.817797 0.878208 0.822578 0.892771 0.818937 0.917625 0.812344 0.931271 0.800062 0.940667 0.788469 0.944604 0.774141 0.940667 0.769813 0.929750 0.770500 0.913687 0.774813 0.898229 0.780953 0.887917 0.791875 0.876396 0.801656 0.873667
0 0.166016 0.898875 0.172859 0.891521 0.185750 0.890458 0.196797 0.900625 0.207844 0.914667 0.215750 0.938521 0.213375 0.948354 0.205219 0.959229 0.199172 0.961333 0.187062 0.960271 0.176281 0.952917 0.168375 0.941688 0.162859 0.928354 0.161281 0.909750
0 0.077187 0.249208 0.092437 0.259042 0.092969 0.295521 0.084547 0.315521 0.077453 0.326396 0.060641 0.327333 0.053344 0.319542 0.048219 0.291313 0.054062 0.265979 0.062109 0.255271
1 0.593578 0.422125 0.598109 0.436708 0.602328 0.436292 0.607328 0.442958 0.611703 0.444208 0.613734 0.436917 0.609516 0.421083 0.604047 0.412333 0.599047 0.405458 0.595297 0.408167 0.596703 0.418375
1 0.086578 0.220875 0.103422 0.236875 0.102766 0.277042 0.092078 0.325000 0.078797 0.346583 0.062922 0.353937 0.047047 0.350917 0.041859 0.332333 0.036094 0.283958 0.050938 0.243354 0.069406 0.222604
1 0.155000 0.943521 0.176375 0.968521 0.214234 0.981021 0.228109 0.973021 0.234484 0.948521 0.223984 0.920042 0.195484 0.883542 0.173000 0.867062 0.157625 0.866563 0.142625 0.876542 0.141875 0.919542
1 0.760875 0.961375 0.781125 0.973375 0.809984 0.962875 0.834734 0.926896 0.844484 0.892396 0.841109 0.858917 0.828734 0.847417 0.805859 0.846417 0.792750 0.864396 0.769500 0.894896 0.758625 0.916396 0.755625 0.942375
1 0.881344 0.198896 0.900453 0.213146 0.916984 0.243396 0.925406 0.269750 0.924109 0.314229 0.916016 0.326333 0.902406 0.331521 0.891062 0.323750 0.870656 0.303438 0.858344 0.262396 0.854781 0.229125 0.862875 0.202771
1 0.478469 0.234313 0.492031 0.230937 0.496188 0.220104 0.508656 0.213354 0.508656 0.204437 0.500516 0.192854 0.486234 0.188271 0.474484 0.188750 0.464000 0.194792 0.456953 0.202021 0.456594 0.210458 0.462922 0.218417 0.469781 0.221542 0.468891 0.227333
1 0.298891 0.407625 0.302187 0.398250 0.302500 0.388875 0.297656 0.386167 0.298281 0.374083 0.294687 0.365333 0.289844 0.361792 0.280000 0.367208 0.271406 0.379083 0.267969 0.396792 0.267188 0.414292 0.273594 0.427208 0.280000 0.429083 0.288594 0.415958 0.295156 0.417417
0 0.593719 0.420687 0.601531 0.416313 0.604344 0.416938 0.609500 0.427354 0.609969 0.433188 0.607313 0.435479 0.603094 0.437146 0.597469 0.437563 0.595437 0.431729
1 0.347938 0.684458 0.352625 0.694042 0.352781 0.700083 0.351531 0.703833 0.353563 0.713000 0.355125 0.722792 0.348406 0.728833 0.337625 0.727583 0.322313 0.714667 0.315750 0.697792 0.314969 0.684458 0.319344 0.675917 0.328406 0.677167 0.332469 0.681750 0.339812 0.676125
1 0.617141 0.701271 0.612984 0.716938 0.614078 0.727542 0.624031 0.732125 0.640828 0.723458 0.653297 0.711167 0.657641 0.694042 0.653672 0.677646 0.643000 0.673312 0.635047 0.680542 0.629437 0.674771 0.619141 0.680792 0.612453 0.689708
1 0.674937 0.403083 0.681328 0.414542 0.691172 0.420375 0.694141 0.413708 0.698375 0.397250 0.695391 0.379958 0.689000 0.362250 0.680547 0.353500 0.673203 0.351625 0.668047 0.356417 0.667125 0.368708 0.667906 0.374958 0.663516 0.375167 0.664000 0.393292 0.667734 0.405167
1 0.482250 0.334125 0.490375 0.333500 0.490688 0.324542 0.497719 0.322042 0.498656 0.315583 0.486313 0.312042 0.469750 0.312042 0.463969 0.316000 0.466000 0.323708 0.474125 0.326208 0.474281 0.333917
1 0.364750 0.443271 0.360844 0.449729 0.355687 0.451604 0.354750 0.445354 0.357094 0.428271 0.363812 0.417021 0.366625 0.414521 0.368969 0.417438 0.368812 0.423896 0.374125 0.427229 0.371312 0.444104
1 0.388516 0.631042 0.396484 0.640208 0.403359 0.641458 0.406484 0.636458 0.403984 0.628333 0.405234 0.624792 0.403828 0.615417 0.398828 0.610417 0.394766 0.612083 0.391641 0.615625 0.386797 0.610208 0.381172 0.613333 0.382422 0.620833
