0 0.578094 0.603333 0.566094 0.597833 0.556406 0.610417 0.558594 0.622917 0.566844 0.625333 0.577719 0.621333
1 0.609234 0.407938 0.601422 0.407312 0.602625 0.430375 0.610422 0.430375 0.616062 0.434417 0.627781 0.426896 0.627781 0.418229 0.624313 0.400875 0.616500 0.394521 0.611297 0.392771
1 0.569312 0.601833 0.564781 0.601000 0.562125 0.606000 0.560719 0.614958 0.561188 0.620167 0.564312 0.622250 0.564469 0.625583 0.564937 0.629750 0.571250 0.632083 0.577906 0.623083 0.581031 0.615792 0.580250 0.606417 0.579781 0.600375 0.576187 0.595167
1 0.394594 0.610875 0.389750 0.606292 0.385062 0.606708 0.382875 0.612958 0.385688 0.618583 0.388813 0.628375 0.393969 0.634833 0.400687 0.639000 0.405375 0.639833 0.407875 0.637750 0.406625 0.631500 0.405375 0.626292 0.406938 0.623583 0.406781 0.616083 0.403031 0.609000 0.400063 0.606708
1 0.357500 0.438958 0.362531 0.441229 0.365500 0.440396 0.368938 0.429979 0.368156 0.422896 0.363156 0.420396 0.363937 0.414979 0.360031 0.408938 0.353156 0.416854 0.348938 0.431021 0.349562 0.444146 0.354531 0.446458
1 0.480000 0.358979 0.480625 0.365854 0.491563 0.366687 0.495937 0.361271 0.499062 0.358146 0.503125 0.351687 0.500156 0.341687 0.489687 0.337938 0.475156 0.342104 0.470937 0.349604 0.473906 0.360021
1 0.677703 0.361083 0.674422 0.362750 0.671141 0.369625 0.671453 0.387750 0.675203 0.394000 0.680359 0.395458 0.684109 0.394417 0.687547 0.404208 0.693484 0.409208 0.698953 0.406917 0.704109 0.399208 0.705516 0.382958 0.703797 0.369833 0.700203 0.359000 0.696766 0.349417 0.688797 0.341917 0.681453 0.341500 0.675828 0.349625 0.676297 0.356292
1 0.629203 0.675458 0.625953 0.673292 0.618000 0.676187 0.610938 0.688229 0.612391 0.699083 0.617266 0.705583 0.618531 0.713542 0.621438 0.724146 0.632641 0.727292 0.643313 0.711854 0.649094 0.694271 0.650906 0.681979 0.647828 0.670646 0.641672 0.667271 0.633719 0.670167
1 0.336406 0.677229 0.329922 0.669958 0.319469 0.670250 0.312562 0.682521 0.317375 0.703437 0.335156 0.725187 0.346875 0.729104 0.357531 0.722687 0.358797 0.712917 0.353984 0.701208 0.354813 0.695354 0.349797 0.681125 0.341641 0.673875
1 0.281250 0.414167 0.287750 0.414396 0.294781 0.402938 0.296344 0.388771 0.292594 0.381062 0.289844 0.379792 0.291344 0.368146 0.285406 0.359813 0.276187 0.362729 0.264625 0.377937 0.261031 0.398146 0.260875 0.417104 0.266969 0.427937 0.278375 0.425021 0.279469 0.420021
1 0.475375 0.245104 0.484812 0.253500 0.494734 0.250604 0.502719 0.234792 0.511188 0.230583 0.511922 0.216062 0.497156 0.202187 0.485297 0.202187 0.473187 0.204125 0.463750 0.214458 0.460125 0.228646 0.473187 0.238979
1 0.879422 0.196750 0.897062 0.203479 0.912750 0.226625 0.927297 0.262854 0.926750 0.303917 0.923109 0.316979 0.913016 0.325937 0.889781 0.321083 0.875219 0.296083 0.863453 0.266958 0.859812 0.236708 0.864297 0.201979
1 0.831594 0.854000 0.848109 0.883500 0.835516 0.930917 0.810875 0.958542 0.785109 0.973479 0.761031 0.966021 0.756266 0.937271 0.761578 0.902167 0.787062 0.864083 0.821234 0.845042
1 0.157406 0.866062 0.195266 0.884542 0.216250 0.909042 0.230500 0.961521 0.216625 0.985521 0.178391 0.970521 0.159281 0.949021 0.142781 0.910042 0.143906 0.875062
1 0.079781 0.215104 0.097453 0.235104 0.102531 0.272542 0.092859 0.311917 0.077859 0.352896 0.045422 0.349333 0.031875 0.312563 0.037672 0.252542 0.061156 0.225104
0 0.082828 0.248896 0.058547 0.254667 0.047703 0.277812 0.045969 0.303833 0.059406 0.331583 0.072422 0.332167 0.085437 0.318875 0.094969 0.299208 0.098875 0.268562
0 0.169719 0.887542 0.155672 0.904938 0.167703 0.938396 0.187281 0.952438 0.202344 0.959812 0.217891 0.948438 0.219906 0.931708 0.214391 0.910292 0.193312 0.894229
0 0.818969 0.878833 0.787859 0.872812 0.774813 0.896896 0.767281 0.927021 0.778312 0.945750 0.807938 0.949104 0.821484 0.914979
0 0.877734 0.226354 0.870984 0.240854 0.868359 0.259854 0.874734 0.277854 0.886734 0.296333 0.900219 0.300833 0.912219 0.296333 0.913344 0.266354 0.900969 0.231354 0.894219 0.227354
0 0.500563 0.217417 0.489313 0.209917 0.467578 0.226417 0.469828 0.249896 0.484078 0.259396 0.496812 0.252896 0.505062 0.244917
0 0.297766 0.385271 0.276625 0.373688 0.266125 0.385271 0.265047 0.403104 0.274266 0.412250 0.287469 0.417083 0.297953 0.403104
0 0.352234 0.683271 0.336609 0.670542 0.324469 0.690792 0.331406 0.709875 0.343984 0.713917 0.357000 0.703521
0 0.627250 0.671708 0.617625 0.670854 0.608219 0.683979 0.609266 0.702104 0.619297 0.709917 0.623906 0.714938 0.632062 0.712146 0.638547 0.701542 0.641891 0.687313 0.640422 0.679792
0 0.691219 0.360938 0.672172 0.358687 0.666578 0.373250 0.673578 0.396021 0.685891 0.398646 0.697094 0.392667 0.697656 0.373250
0 0.495297 0.347854 0.484641 0.344958 0.479078 0.350125 0.478828 0.367875 0.489719 0.372708 0.496984 0.367229
0 0.370656 0.423417 0.358938 0.416542 0.353469 0.427792 0.352063 0.435500 0.362844 0.443625 0.370031 0.436750
0 0.406766 0.610833 0.398141 0.604333 0.389906 0.612833 0.386906 0.623333 0.398516 0.636333 0.411641 0.624333
0 0.610250 0.403000 0.600328 0.408167 0.602266 0.423979 0.609047 0.432042 0.615578 0.426250 0.615812 0.414625
