1 0.635656 0.674750 0.648297 0.669021 0.656172 0.675083 0.654250 0.696375 0.650438 0.707833 0.642563 0.719292 0.632078 0.726917 0.622047 0.730729 0.614172 0.726604 0.609172 0.722146 0.613469 0.708146 0.614656 0.702750 0.612516 0.697667 0.618234 0.681125 0.627531 0.675083
0 0.282813 0.381250 0.275000 0.393750 0.275000 0.406250 0.282813 0.416667 0.292187 0.418750 0.301563 0.406250 0.301563 0.387500 0.298438 0.383333
0 0.473438 0.202083 0.470313 0.208333 0.471875 0.229167 0.475000 0.233333 0.490625 0.233333 0.496875 0.222917 0.495312 0.206250 0.490625 0.200000
0 0.595313 0.414583 0.593750 0.433333 0.601562 0.441667 0.609375 0.439583 0.610938 0.420833 0.607812 0.414583
0 0.582812 0.604167 0.573438 0.604167 0.567187 0.612500 0.567187 0.622917 0.579688 0.625000 0.584375 0.620833
1 0.665734 0.372479 0.667297 0.359375 0.670734 0.350604 0.681828 0.349167 0.692922 0.360417 0.699328 0.374792 0.701516 0.392083 0.699172 0.402292 0.694953 0.413958 0.687609 0.418125 0.680109 0.409979 0.678078 0.405417 0.665734 0.404771 0.661203 0.377500
1 0.473859 0.325917 0.466203 0.325292 0.464328 0.318833 0.469016 0.314042 0.477453 0.310500 0.484328 0.309458 0.495734 0.311333 0.499016 0.318000 0.497141 0.324667 0.491984 0.324458 0.492141 0.330083 0.487766 0.335917 0.475891 0.335917
1 0.375375 0.425333 0.369906 0.421583 0.370219 0.414083 0.366625 0.410542 0.359281 0.417000 0.355844 0.428875 0.353500 0.439500 0.353969 0.450750 0.361000 0.453250 0.364906 0.442208 0.371156 0.446583 0.375375 0.434083
0 0.870313 0.237500 0.865625 0.243750 0.865625 0.275000 0.876563 0.302083 0.887500 0.308333 0.904687 0.304167 0.909375 0.289583 0.904687 0.252083 0.889062 0.235417
0 0.810937 0.877083 0.795312 0.877083 0.781250 0.889583 0.771875 0.914583 0.771875 0.929167 0.776563 0.937500 0.785937 0.943750 0.796875 0.943750 0.814063 0.929167 0.820312 0.914583 0.820312 0.889583
0 0.164062 0.902083 0.162500 0.922917 0.175000 0.947917 0.190625 0.958333 0.203125 0.958333 0.210938 0.952083 0.215625 0.931250 0.210938 0.914583 0.201563 0.902083 0.185938 0.891667 0.175000 0.891667
0 0.078125 0.252083 0.065625 0.258333 0.054688 0.281250 0.054688 0.312500 0.067187 0.329167 0.082812 0.320833 0.092188 0.306250 0.093750 0.295833 0.092188 0.260417
0 0.390625 0.610417 0.387500 0.629167 0.393750 0.637500 0.403125 0.637500 0.406250 0.633333 0.404687 0.614583
0 0.473438 0.322917 0.476562 0.335417 0.487500 0.335417 0.492188 0.329167 0.492188 0.320833 0.487500 0.316667 0.478125 0.316667
1 0.393141 0.614187 0.388609 0.609812 0.380953 0.609604 0.381891 0.622312 0.389859 0.634604 0.396734 0.640646 0.407047 0.642104 0.406891 0.628979 0.406891 0.617313 0.397672 0.610854
0 0.665625 0.372917 0.662500 0.377083 0.665625 0.404167 0.685937 0.404167 0.689063 0.397917 0.687500 0.375000 0.679688 0.370833
0 0.625000 0.677083 0.618750 0.681250 0.614062 0.697917 0.618750 0.710417 0.631250 0.714583 0.640625 0.706250 0.642188 0.689583 0.637500 0.679167
1 0.593922 0.418833 0.596422 0.413208 0.597203 0.406333 0.601891 0.406125 0.607984 0.413417 0.611578 0.425083 0.614234 0.435083 0.613297 0.441750 0.609078 0.445292 0.603453 0.441958 0.602672 0.437167 0.597516 0.437375 0.593766 0.427375
1 0.569625 0.620125 0.567109 0.625437 0.566484 0.635458 0.577562 0.632687 0.584688 0.623750 0.590328 0.614542 0.590328 0.602271 0.587812 0.598938 0.583219 0.602000 0.580703 0.606188 0.575063 0.602000 0.566062 0.612042
0 0.335938 0.677083 0.323437 0.687500 0.321875 0.702083 0.329688 0.716667 0.343750 0.718750 0.353125 0.708333 0.353125 0.689583 0.348438 0.681250
0 0.373437 0.425000 0.363281 0.421667 0.357812 0.441667 0.363281 0.443542 0.371875 0.443750 0.375000 0.437500
1 0.160203 0.869458 0.143641 0.896833 0.143641 0.947958 0.167484 0.971000 0.196625 0.984250 0.239672 0.967479 0.250266 0.934708 0.234375 0.890646 0.203250 0.874771
1 0.092250 0.213896 0.064672 0.226896 0.045172 0.266021 0.035422 0.296750 0.041625 0.351000 0.063781 0.366375 0.086031 0.347583 0.105547 0.316833 0.111750 0.246979
1 0.831484 0.852688 0.810875 0.848875 0.787406 0.862604 0.774250 0.887792 0.762219 0.912979 0.755359 0.945792 0.766797 0.968688 0.793703 0.973250 0.814875 0.961042 0.832047 0.935875 0.841781 0.899229 0.843500 0.867958
1 0.875828 0.201771 0.863953 0.205729 0.854063 0.228167 0.857516 0.259167 0.860484 0.287521 0.877297 0.319833 0.896094 0.330396 0.913906 0.327104 0.922312 0.311271 0.925281 0.277625 0.916375 0.232771 0.896094 0.211021
1 0.486812 0.186021 0.475000 0.186875 0.462547 0.195375 0.454875 0.205604 0.455828 0.214125 0.462859 0.223479 0.468609 0.225625 0.473078 0.233708 0.486484 0.236687 0.501500 0.227313 0.505969 0.218792 0.511406 0.206458 0.499578 0.186437
1 0.299828 0.382979 0.300547 0.370625 0.294672 0.362063 0.286109 0.362063 0.274703 0.370146 0.269891 0.381563 0.266688 0.396042 0.265437 0.411021 0.270437 0.425042 0.275422 0.430500 0.283797 0.426458 0.288250 0.420042 0.296859 0.421563 0.303484 0.407562 0.303766 0.386229
1 0.334969 0.674708 0.323922 0.672500 0.314266 0.673250 0.312328 0.690167 0.315922 0.708937 0.328344 0.726979 0.344078 0.730646 0.356500 0.725500 0.357047 0.715563 0.357047 0.700104 0.356500 0.686500 0.345734 0.677292
