0 0.396016 0.610667 0.388359 0.618792 0.387734 0.622333 0.390859 0.629625 0.394766 0.634833 0.397109 0.634833 0.405703 0.627333 0.405547 0.622958 0.402578 0.615042 0.400547 0.611708
0 0.567016 0.617833 0.572016 0.626583 0.574359 0.628042 0.580937 0.621042 0.583109 0.614083 0.582328 0.610333 0.577641 0.603458 0.573891 0.602625 0.569828 0.606792 0.566859 0.613458
1 0.594250 0.420375 0.592688 0.428917 0.596594 0.436625 0.602219 0.437042 0.607219 0.446208 0.610969 0.447042 0.613000 0.438292 0.610500 0.423917 0.606906 0.414750 0.600656 0.407667 0.596281 0.408708 0.597219 0.418083
0 0.593875 0.418833 0.604812 0.418000 0.606219 0.422583 0.607781 0.431125 0.608406 0.436125 0.596219 0.437583 0.594187 0.434667 0.594031 0.426125
1 0.569781 0.621896 0.566812 0.628146 0.569469 0.634396 0.576187 0.632938 0.584313 0.623354 0.588375 0.613146 0.589313 0.605229 0.585094 0.602521 0.580719 0.606896 0.576969 0.600021 0.566031 0.614187
1 0.387125 0.631875 0.394313 0.639583 0.402125 0.641667 0.404781 0.639792 0.404000 0.629167 0.404781 0.625208 0.403375 0.615208 0.398844 0.611042 0.391344 0.614375 0.386500 0.610417 0.383219 0.613750 0.384781 0.624375
1 0.374891 0.440229 0.376609 0.430646 0.373016 0.427104 0.369266 0.425646 0.369891 0.413771 0.366453 0.412312 0.358641 0.421687 0.354109 0.433563 0.353953 0.446896 0.356297 0.451896 0.360203 0.452521 0.363328 0.443979 0.370516 0.445646
1 0.480719 0.335583 0.487281 0.334750 0.489781 0.331833 0.489781 0.324958 0.495250 0.324125 0.498062 0.320167 0.495719 0.313708 0.483219 0.310375 0.473688 0.312667 0.468062 0.316208 0.467281 0.322875 0.472906 0.323708 0.474156 0.334542
1 0.663859 0.395125 0.660891 0.385125 0.663234 0.376583 0.665891 0.373667 0.666984 0.360333 0.672141 0.354500 0.680734 0.353667 0.687297 0.362208 0.697766 0.384083 0.699016 0.396583 0.696047 0.412833 0.692609 0.418667 0.686047 0.416792 0.679641 0.408458 0.677141 0.404292 0.668078 0.408250
1 0.617391 0.702625 0.614422 0.714292 0.615672 0.723458 0.618641 0.728250 0.626922 0.727208 0.642078 0.718250 0.649734 0.704500 0.653953 0.691583 0.655047 0.680125 0.651453 0.674500 0.645203 0.672625 0.635516 0.679500 0.630672 0.674917 0.618172 0.681167 0.613797 0.695958
1 0.324406 0.714521 0.335969 0.729521 0.344094 0.731396 0.355812 0.723896 0.355656 0.717229 0.351281 0.705354 0.352531 0.697229 0.348938 0.685354 0.337062 0.676604 0.330813 0.680563 0.323313 0.675146 0.318469 0.677021 0.315188 0.690354 0.319250 0.705771
1 0.289344 0.415896 0.284187 0.424021 0.275281 0.427771 0.270437 0.418396 0.269813 0.392563 0.275281 0.377771 0.283250 0.366729 0.289344 0.363188 0.295281 0.365271 0.298250 0.371937 0.297469 0.383813 0.301531 0.390062 0.299969 0.409854 0.296219 0.418396
1 0.469250 0.221917 0.462688 0.219833 0.457531 0.211083 0.460344 0.198792 0.477219 0.190458 0.490344 0.190875 0.501594 0.195042 0.507062 0.204208 0.508625 0.214625 0.495188 0.220458 0.493938 0.232542 0.469719 0.233167
1 0.879844 0.203687 0.902969 0.217229 0.920312 0.255771 0.926250 0.290979 0.920000 0.320979 0.904531 0.334313 0.886406 0.322438 0.869219 0.294104 0.860781 0.263479 0.856563 0.234104 0.865156 0.210771
1 0.768297 0.967917 0.779375 0.973500 0.803438 0.967917 0.828953 0.938917 0.840469 0.908229 0.843187 0.885083 0.835437 0.863604 0.824359 0.854125 0.808875 0.858583 0.788375 0.868063 0.775203 0.890667 0.762437 0.916042 0.758469 0.938083
1 0.160438 0.950187 0.177609 0.968333 0.201922 0.980000 0.217469 0.975229 0.227516 0.958396 0.222969 0.932042 0.206125 0.894021 0.190578 0.878479 0.170484 0.868104 0.150406 0.867229 0.138734 0.889271 0.148781 0.928146
1 0.084625 0.222812 0.101422 0.232521 0.103937 0.276583 0.091781 0.318146 0.080984 0.340104 0.070500 0.350146 0.053141 0.356563 0.041297 0.345625 0.037156 0.302604 0.045047 0.262625 0.058156 0.236146 0.072016 0.221667
0 0.080359 0.250958 0.068781 0.252875 0.059750 0.266625 0.054141 0.287583 0.053062 0.305188 0.056313 0.318437 0.064453 0.328563 0.069875 0.330021 0.081437 0.319646 0.087594 0.310979 0.092828 0.294583 0.094094 0.282042 0.093188 0.263479 0.087766 0.254083
0 0.171672 0.895396 0.166047 0.900187 0.165266 0.913521 0.169953 0.931229 0.175422 0.943312 0.181047 0.948313 0.191984 0.955187 0.199484 0.955604 0.206516 0.950812 0.211984 0.945187 0.212922 0.936021 0.209484 0.921438 0.203703 0.908938 0.195734 0.899354 0.186984 0.893521 0.179172 0.892479
0 0.812750 0.878896 0.819016 0.888938 0.820063 0.905667 0.815250 0.920167 0.807938 0.929937 0.802500 0.936625 0.794969 0.942771 0.785766 0.942208 0.780328 0.939417 0.773000 0.933563 0.771328 0.923792 0.772172 0.909562 0.778016 0.896750 0.786813 0.884188 0.796641 0.878896 0.806266 0.876667
0 0.876094 0.235167 0.890094 0.235187 0.897094 0.244875 0.904656 0.261313 0.908297 0.280354 0.904922 0.294917 0.899328 0.302750 0.888406 0.305750 0.878609 0.300521 0.872172 0.288562 0.866563 0.268771 0.864891 0.250104 0.870484 0.238917
0 0.470750 0.207187 0.474188 0.200729 0.479969 0.198229 0.486531 0.198021 0.492938 0.202812 0.496375 0.209062 0.495125 0.226979 0.491062 0.232813 0.487156 0.233021 0.477469 0.233021 0.473719 0.232396 0.470437 0.229479 0.468719 0.224479
0 0.286109 0.379750 0.279703 0.385167 0.277828 0.391000 0.276109 0.399750 0.275172 0.406833 0.276266 0.411625 0.289547 0.416000 0.294234 0.416625 0.297359 0.415375 0.299234 0.409125 0.300797 0.398292 0.299703 0.390375 0.297516 0.384750
0 0.327062 0.705396 0.333625 0.713313 0.340344 0.714771 0.345031 0.709562 0.351594 0.703104 0.352219 0.695396 0.351125 0.691437 0.347531 0.684354 0.342531 0.680188 0.338000 0.679354 0.333156 0.679354 0.326906 0.688521 0.325344 0.693521 0.324875 0.699146
0 0.615703 0.699708 0.625078 0.711375 0.630859 0.713250 0.637734 0.706583 0.640391 0.701375 0.643750 0.692500 0.639219 0.685208 0.630859 0.676375 0.625078 0.678042 0.619766 0.680958 0.615547 0.686583 0.614609 0.695125
0 0.678937 0.370563 0.664562 0.374104 0.662219 0.378063 0.661438 0.385771 0.662375 0.392854 0.664875 0.401187 0.668469 0.406187 0.672219 0.406604 0.678469 0.405562 0.685813 0.401604 0.688156 0.395146 0.688156 0.389104 0.686125 0.372854
0 0.475031 0.322250 0.476594 0.316625 0.483156 0.316208 0.488469 0.316625 0.490812 0.322042 0.490500 0.331417 0.488312 0.335792 0.483156 0.336833 0.476906 0.335792 0.474406 0.334542
0 0.365922 0.422833 0.376859 0.428875 0.376703 0.438458 0.374516 0.443458 0.369047 0.445958 0.358891 0.441583 0.358891 0.433042 0.361547 0.426375
