1 0.483125 0.237083 0.469187 0.230771 0.468469 0.219271 0.459375 0.212292 0.459531 0.191042 0.481406 0.183125 0.503437 0.190833 0.507500 0.207500 0.498594 0.216667 0.496172 0.227271
0 0.395406 0.610396 0.389156 0.618313 0.388063 0.624563 0.393062 0.630812 0.399156 0.633521 0.406969 0.624771 0.403531 0.614563
0 0.365859 0.421354 0.362266 0.423229 0.358047 0.435104 0.358984 0.440104 0.366328 0.444896 0.369766 0.443854 0.373359 0.436354 0.373984 0.427812
0 0.490234 0.319937 0.487109 0.317229 0.477266 0.316812 0.474922 0.323271 0.475078 0.332646 0.477422 0.337021 0.486484 0.337229 0.490703 0.335562 0.490703 0.329313
0 0.680516 0.367146 0.663172 0.372354 0.661609 0.386521 0.666609 0.402146 0.670828 0.406104 0.681141 0.402146 0.687234 0.399021 0.688016 0.379229
0 0.633172 0.676271 0.643953 0.690854 0.640203 0.702104 0.636922 0.709188 0.631453 0.712521 0.625516 0.714396 0.615984 0.700437 0.614266 0.688146 0.619734 0.678354 0.627391 0.674396
0 0.338828 0.675104 0.324609 0.687417 0.325391 0.700958 0.329922 0.710521 0.333359 0.716146 0.339453 0.716146 0.347266 0.709063 0.352891 0.699479 0.351328 0.689688 0.345859 0.681771
0 0.283531 0.378083 0.278219 0.381625 0.274469 0.391417 0.272594 0.401417 0.273531 0.408917 0.285562 0.415583 0.292750 0.416833 0.296187 0.411208 0.299781 0.403292 0.300875 0.392875 0.300094 0.386208
0 0.492594 0.202000 0.486344 0.199292 0.473688 0.201792 0.470250 0.208042 0.470875 0.228458 0.476500 0.236167 0.483375 0.237000 0.493531 0.232000 0.497594 0.222625
0 0.888422 0.233500 0.877203 0.231563 0.871234 0.234937 0.867625 0.243625 0.865812 0.257854 0.867625 0.271333 0.871234 0.284354 0.876484 0.294000 0.882984 0.302187 0.892938 0.305562 0.902875 0.301229 0.908125 0.294250 0.910109 0.275917 0.905594 0.257354 0.899625 0.244833
0 0.815469 0.874271 0.821313 0.891125 0.821625 0.910146 0.814828 0.923521 0.803813 0.938208 0.788906 0.943396 0.773719 0.937354 0.771406 0.923104 0.772391 0.902792 0.781125 0.887250 0.793125 0.877313 0.805469 0.874708
0 0.172781 0.890208 0.166750 0.900917 0.163750 0.915646 0.167266 0.929688 0.173781 0.942417 0.181313 0.951771 0.192859 0.953792 0.206906 0.952438 0.217438 0.937063 0.209922 0.916312 0.202391 0.899583 0.186328 0.888875
0 0.079141 0.250104 0.060062 0.258771 0.051812 0.285375 0.050953 0.316604 0.061797 0.335708 0.078703 0.322396 0.092594 0.303312 0.094750 0.259937
1 0.299906 0.403625 0.301938 0.394667 0.300375 0.386542 0.293187 0.382792 0.294281 0.368417 0.288187 0.360500 0.274594 0.366750 0.267875 0.386333 0.263656 0.412583 0.268344 0.428000 0.275531 0.429458 0.282406 0.414667 0.294125 0.417375
0 0.577078 0.602375 0.586141 0.612583 0.582078 0.619042 0.576922 0.624667 0.571141 0.624667 0.567391 0.616958 0.567703 0.607583 0.573797 0.603625
1 0.885172 0.203875 0.907922 0.227750 0.922188 0.254833 0.926062 0.301000 0.923891 0.320042 0.897031 0.329375 0.877422 0.318437 0.866281 0.287458 0.855641 0.253854 0.864109 0.212896
1 0.823828 0.847958 0.836938 0.866458 0.842938 0.904938 0.818578 0.950937 0.790828 0.974417 0.761594 0.963417 0.750719 0.923937 0.772094 0.875958 0.802078 0.849958
1 0.157219 0.937625 0.186078 0.971125 0.214578 0.976625 0.232938 0.959625 0.235562 0.930125 0.218312 0.891146 0.198078 0.867146 0.168453 0.859667 0.147469 0.866146 0.145594 0.907146
1 0.085344 0.222792 0.104953 0.236979 0.104672 0.282521 0.093469 0.327333 0.069937 0.354583 0.052859 0.351604 0.038297 0.335917 0.038281 0.294792 0.049500 0.258625 0.062672 0.231750
1 0.596828 0.416958 0.596672 0.409042 0.598703 0.404667 0.607609 0.408625 0.613078 0.427375 0.613859 0.442167 0.609484 0.445708 0.605891 0.445083 0.602922 0.436333 0.597297 0.438208 0.593859 0.433417 0.591672 0.419667
1 0.569312 0.619833 0.568219 0.626917 0.568844 0.633167 0.577438 0.632125 0.587281 0.621500 0.590094 0.612333 0.590094 0.604833 0.587281 0.600875 0.580094 0.603792 0.577281 0.604625 0.574469 0.602542 0.568219 0.609833 0.566500 0.615042
1 0.382656 0.624792 0.392188 0.637292 0.397187 0.640208 0.405469 0.641042 0.409172 0.634729 0.404328 0.626604 0.405266 0.623688 0.402297 0.613271 0.397609 0.610979 0.391828 0.613271 0.386203 0.610563 0.380938 0.613958
1 0.368781 0.423146 0.368625 0.414604 0.366125 0.412521 0.356906 0.418771 0.353625 0.433563 0.353625 0.445229 0.355656 0.451271 0.359563 0.450646 0.364250 0.442729 0.370031 0.444604 0.373000 0.440854 0.374563 0.425646
1 0.476687 0.334146 0.481687 0.337062 0.487000 0.335396 0.490125 0.331646 0.490125 0.326854 0.495906 0.324146 0.499656 0.320604 0.493563 0.313937 0.484812 0.313729 0.476219 0.313521 0.468875 0.316229 0.465750 0.322271 0.468250 0.326437 0.474500 0.326437
1 0.667875 0.371625 0.662844 0.374417 0.659922 0.387813 0.663687 0.399521 0.671422 0.405646 0.675609 0.404813 0.681266 0.411792 0.690250 0.416812 0.695484 0.412354 0.698625 0.389750 0.693594 0.370229 0.689000 0.359083 0.681469 0.350438 0.675812 0.347917 0.668703 0.354625 0.668078 0.366042
1 0.616734 0.701813 0.614016 0.712687 0.615266 0.726917 0.627609 0.727479 0.637859 0.719938 0.646844 0.709354 0.652703 0.697083 0.656687 0.683417 0.653750 0.672812 0.647484 0.672542 0.640359 0.673083 0.635141 0.680063 0.630328 0.674479 0.620703 0.677271 0.612125 0.691771
1 0.316891 0.703687 0.328031 0.722729 0.343031 0.730146 0.354656 0.722729 0.355141 0.712417 0.349812 0.705958 0.353203 0.699167 0.351984 0.686271 0.342313 0.675292 0.335297 0.678854 0.325859 0.673042 0.316172 0.672708 0.311328 0.684646
0 0.602844 0.414833 0.594094 0.417750 0.592688 0.425667 0.594250 0.435250 0.598313 0.440250 0.608313 0.435042 0.609250 0.426292 0.607688 0.420458
