1 0.876672 0.200333 0.894594 0.208188 0.910844 0.232458 0.922875 0.266062 0.926516 0.302646 0.920922 0.319438 0.910281 0.330271 0.893203 0.328771 0.877516 0.313854 0.866594 0.289583 0.859594 0.265313 0.856516 0.237312 0.861000 0.208188
1 0.596812 0.417708 0.593531 0.417917 0.591969 0.427917 0.593844 0.436021 0.597438 0.439375 0.602906 0.437708 0.606500 0.443750 0.611656 0.445396 0.613219 0.437708 0.612594 0.426458 0.608375 0.414583 0.603844 0.406042 0.598219 0.404375 0.597125 0.410625
1 0.298469 0.384021 0.297219 0.369021 0.294875 0.363604 0.284719 0.362354 0.275188 0.370063 0.265969 0.390479 0.266125 0.412146 0.270031 0.424854 0.276125 0.429437 0.284719 0.427562 0.288469 0.419021 0.288625 0.415271 0.295500 0.416104 0.299875 0.411313 0.304719 0.394854 0.303156 0.387562
0 0.175063 0.886813 0.160797 0.908833 0.167281 0.934333 0.183484 0.949021 0.206156 0.954625 0.219125 0.935625 0.207781 0.905813 0.197406 0.898479
0 0.812297 0.875583 0.791297 0.875583 0.774500 0.903542 0.772250 0.934542 0.782328 0.941292 0.800531 0.942792 0.813703 0.925979 0.822937 0.899479
0 0.304937 0.387771 0.284844 0.374958 0.277328 0.386104 0.272516 0.404521 0.276484 0.411208 0.286734 0.416792 0.293422 0.417896 0.301578 0.408146
0 0.351219 0.685771 0.343719 0.675771 0.338094 0.676396 0.328094 0.686188 0.323875 0.691396 0.324344 0.702021 0.334031 0.718271 0.342156 0.718063 0.354656 0.702646
0 0.632250 0.673063 0.618031 0.676813 0.613031 0.689104 0.614125 0.702854 0.617812 0.708958 0.624281 0.713062 0.636937 0.710771 0.642875 0.701396 0.644125 0.691604
0 0.490547 0.319417 0.483656 0.315875 0.474766 0.316917 0.473203 0.329000 0.474141 0.336708 0.482578 0.340042 0.491469 0.337125
1 0.331406 0.684750 0.324703 0.678063 0.316953 0.676104 0.312562 0.684750 0.317375 0.705937 0.328047 0.725187 0.339547 0.730500 0.349375 0.729938 0.353984 0.717938 0.351688 0.704271 0.352516 0.697583 0.350453 0.688375 0.341031 0.679458 0.336219 0.677771
1 0.616828 0.702146 0.613750 0.714688 0.615187 0.726250 0.624406 0.729146 0.638156 0.720708 0.648094 0.706729 0.652438 0.692979 0.654250 0.679250 0.652438 0.674188 0.646656 0.672250 0.639781 0.674188 0.634906 0.678271 0.631828 0.676354 0.624047 0.674667 0.618453 0.682375 0.614469 0.692750
1 0.667656 0.372917 0.661422 0.376479 0.665047 0.402625 0.675938 0.405521 0.684172 0.414229 0.690703 0.418437 0.695062 0.415208 0.699172 0.401333 0.697484 0.383250 0.690937 0.365187 0.683203 0.353896 0.674969 0.350667 0.668187 0.357125 0.666734 0.368083
0 0.577734 0.602458 0.584328 0.613458 0.581031 0.624438 0.572578 0.626646 0.567219 0.617854 0.568250 0.610979 0.570719 0.603563
0 0.602969 0.414688 0.592500 0.417813 0.591078 0.426354 0.594203 0.438021 0.598594 0.439896 0.607812 0.434271 0.608437 0.426563
1 0.473906 0.326458 0.474219 0.333792 0.479844 0.336292 0.487500 0.335667 0.490156 0.335250 0.489687 0.326917 0.497344 0.325667 0.498281 0.321083 0.494062 0.313583 0.486406 0.311708 0.479063 0.310667 0.469062 0.312542 0.466094 0.318167 0.469219 0.325875
1 0.371922 0.424979 0.373312 0.417479 0.370188 0.411438 0.364109 0.411229 0.359891 0.417063 0.356766 0.426646 0.354875 0.438937 0.355203 0.447896 0.359422 0.453313 0.363797 0.452271 0.367062 0.444562 0.371750 0.444354 0.374266 0.435812 0.376125 0.426854
1 0.393203 0.614458 0.389141 0.608417 0.383984 0.608417 0.380703 0.619250 0.386797 0.631333 0.392734 0.639042 0.399141 0.644042 0.405859 0.643000 0.408359 0.638625 0.406641 0.630500 0.403359 0.628208 0.406797 0.623625 0.402734 0.614875 0.398984 0.610708
1 0.567906 0.617125 0.570406 0.622958 0.566812 0.629000 0.568219 0.636292 0.575094 0.633792 0.585719 0.625875 0.589781 0.614417 0.591031 0.607750 0.589000 0.602125 0.585875 0.601917 0.580875 0.605458 0.579469 0.602750 0.574469 0.600667 0.569000 0.606708 0.566188 0.610667
1 0.468578 0.222188 0.459984 0.217396 0.456859 0.210938 0.457641 0.200729 0.467172 0.193229 0.478578 0.188854 0.488422 0.188021 0.504984 0.195937 0.508734 0.206563 0.507016 0.216146 0.502172 0.221146 0.494984 0.220521 0.494047 0.230937 0.481547 0.234062 0.472484 0.232396
1 0.835422 0.858313 0.844172 0.870396 0.842922 0.896437 0.836672 0.923167 0.827469 0.936271 0.814625 0.949771 0.801609 0.962792 0.782078 0.970729 0.764734 0.965667 0.758047 0.952896 0.756594 0.937229 0.761469 0.915063 0.769969 0.899396 0.781719 0.877458 0.795828 0.863229 0.811016 0.851896
1 0.172656 0.870167 0.201500 0.887458 0.223531 0.913813 0.229687 0.947062 0.225469 0.965000 0.199234 0.969104 0.183219 0.966208 0.159797 0.951167 0.149391 0.927458 0.146766 0.897396 0.154219 0.874792
1 0.088234 0.218646 0.068344 0.223500 0.056031 0.239917 0.040344 0.275771 0.036141 0.309729 0.040344 0.339229 0.051547 0.350812 0.064703 0.355667 0.082625 0.335500 0.095937 0.308958 0.103078 0.275021 0.102797 0.244771
0 0.677109 0.367563 0.661219 0.376208 0.662656 0.396458 0.669375 0.403958 0.681094 0.405771 0.691766 0.390708 0.687156 0.373125
0 0.497719 0.211063 0.490437 0.197250 0.470156 0.202917 0.469375 0.218125 0.470625 0.230417 0.482969 0.235208 0.496719 0.228542
0 0.879844 0.232521 0.872000 0.234771 0.863312 0.256792 0.866672 0.280313 0.875641 0.298229 0.888516 0.311688 0.903922 0.306833 0.911719 0.282917 0.911766 0.262771 0.895797 0.237750
0 0.089891 0.248167 0.062891 0.261146 0.048656 0.299146 0.059516 0.334625 0.076016 0.331625 0.090000 0.311250 0.093906 0.271458
0 0.376141 0.428292 0.364422 0.419750 0.359422 0.425792 0.358172 0.436208 0.357078 0.443917 0.370516 0.447458 0.375359 0.439750
0 0.404766 0.616708 0.398969 0.609958 0.390656 0.613333 0.388125 0.622750 0.393187 0.629979 0.396797 0.634562 0.407109 0.622979
