0 0.277531 0.367979 0.267813 0.381375 0.265219 0.398208 0.272672 0.409875 0.291797 0.414208 0.299563 0.396063 0.296656 0.367542
1 0.085156 0.213854 0.065828 0.218708 0.045391 0.250812 0.034469 0.290396 0.034469 0.322125 0.043141 0.347521 0.055750 0.352375 0.077031 0.334458 0.091594 0.308687 0.097188 0.279938 0.098031 0.239625
1 0.289719 0.373792 0.288313 0.362333 0.284406 0.352958 0.279719 0.351500 0.271437 0.356708 0.262844 0.370458 0.260031 0.388583 0.260344 0.407542 0.264562 0.416917 0.271281 0.423583 0.279562 0.419625 0.283469 0.409000 0.288000 0.408583 0.294250 0.398375 0.295812 0.386083 0.294406 0.374000
1 0.320312 0.697917 0.330469 0.711479 0.345234 0.716958 0.352250 0.715979 0.353703 0.705667 0.351281 0.694688 0.354438 0.688562 0.352500 0.676625 0.345969 0.668875 0.340875 0.664042 0.333375 0.667583 0.326609 0.666625 0.318125 0.667583 0.315719 0.682438
1 0.635984 0.674000 0.649734 0.666083 0.655516 0.676917 0.652391 0.706292 0.645359 0.718375 0.622391 0.726500 0.614266 0.716917 0.615984 0.704208 0.618641 0.698375 0.613953 0.694833 0.614109 0.685458 0.618953 0.676292 0.626141 0.670250 0.631453 0.669417
1 0.674297 0.362875 0.670234 0.363708 0.668516 0.376625 0.671016 0.389125 0.676172 0.395167 0.681016 0.396000 0.683672 0.405375 0.689609 0.409958 0.695703 0.410583 0.701016 0.403708 0.703984 0.388917 0.703828 0.372667 0.699141 0.359542 0.690547 0.347042 0.683984 0.342458 0.676484 0.345792 0.674297 0.356833
1 0.491000 0.340021 0.490062 0.331896 0.497563 0.329396 0.496156 0.321063 0.490531 0.318979 0.482719 0.318979 0.471000 0.318771 0.465688 0.322729 0.464438 0.330438 0.472719 0.332521 0.473500 0.341896 0.482875 0.344188
1 0.365469 0.417625 0.365953 0.408667 0.363750 0.402417 0.358750 0.404083 0.350625 0.412833 0.348766 0.426167 0.346422 0.436375 0.349219 0.444917 0.354844 0.446792 0.358750 0.439292 0.362500 0.440958 0.367969 0.434292 0.370781 0.420958
1 0.389813 0.623208 0.397156 0.631125 0.404188 0.634667 0.407000 0.633833 0.406375 0.621958 0.406844 0.617792 0.405906 0.610917 0.401375 0.604042 0.398094 0.603208 0.393719 0.606542 0.390594 0.604458 0.385750 0.602167 0.382000 0.605083 0.384813 0.614042
1 0.568063 0.615000 0.566031 0.622917 0.565719 0.628542 0.570406 0.630417 0.578375 0.624792 0.586188 0.614167 0.588375 0.610208 0.589469 0.600208 0.586500 0.596458 0.580875 0.598333 0.578531 0.600417 0.574313 0.597083 0.568688 0.600208 0.566344 0.608958
1 0.601109 0.410687 0.597672 0.410687 0.598297 0.429854 0.603141 0.431729 0.607203 0.431521 0.610016 0.438812 0.616578 0.442771 0.618453 0.433604 0.616734 0.415063 0.610953 0.400896 0.602047 0.397354 0.600641 0.403396
1 0.146063 0.877708 0.144328 0.903729 0.146937 0.929750 0.166453 0.959250 0.187281 0.973708 0.210703 0.976604 0.225875 0.970812 0.233687 0.947104 0.232813 0.922812 0.220234 0.897375 0.206359 0.880021 0.182078 0.865563 0.161250 0.860354
1 0.828203 0.846333 0.842781 0.865333 0.840203 0.908104 0.830797 0.937917 0.802609 0.962979 0.780250 0.969458 0.764375 0.960375 0.756281 0.945688 0.761781 0.918479 0.773125 0.890396 0.794516 0.861021 0.810391 0.845458
1 0.874625 0.196771 0.896734 0.200771 0.915109 0.227771 0.926344 0.265250 0.926719 0.298750 0.920734 0.319729 0.907609 0.326729 0.886234 0.315729 0.871625 0.292250 0.858875 0.261750 0.858875 0.223771 0.861875 0.210208
1 0.467516 0.259208 0.460000 0.255979 0.454688 0.250812 0.454437 0.245667 0.465813 0.239521 0.477438 0.234688 0.500422 0.239208 0.507688 0.247271 0.509859 0.255667 0.501875 0.258562 0.496063 0.259208 0.496547 0.272771 0.487594 0.276958 0.476469 0.277604 0.468234 0.274708
0 0.606516 0.409479 0.599328 0.410938 0.596203 0.418646 0.598547 0.430313 0.606203 0.433438 0.613078 0.430729 0.614328 0.417604
0 0.578469 0.596792 0.574094 0.595125 0.569094 0.599500 0.565188 0.608875 0.565813 0.617417 0.573937 0.624500 0.580031 0.620750 0.585344 0.612208 0.584406 0.604292
0 0.405125 0.603229 0.396062 0.601146 0.386219 0.606771 0.389344 0.614271 0.393406 0.623021 0.403406 0.627396 0.409500 0.621354 0.409344 0.612396
0 0.365109 0.414771 0.354016 0.412687 0.349797 0.428104 0.352297 0.436854 0.362297 0.443312 0.372141 0.436438 0.374016 0.423104
0 0.472594 0.324354 0.482422 0.322271 0.491344 0.324979 0.492125 0.340396 0.482422 0.346438 0.473375 0.346854 0.471953 0.334146
0 0.684328 0.356417 0.670328 0.356792 0.664156 0.364625 0.663875 0.390021 0.677891 0.402333 0.694688 0.400833 0.698609 0.388521 0.697484 0.367229
0 0.625094 0.668688 0.613172 0.675937 0.611297 0.688771 0.618609 0.708021 0.625516 0.712479 0.639109 0.710792 0.647484 0.696583 0.642031 0.675375
0 0.347875 0.666187 0.338625 0.665083 0.327437 0.672167 0.326594 0.683375 0.336109 0.699792 0.349828 0.708021 0.358797 0.684854
0 0.480719 0.242229 0.466812 0.248688 0.465562 0.271604 0.476187 0.283062 0.487281 0.279312 0.497281 0.276604 0.499156 0.245354
0 0.883234 0.222562 0.871109 0.229813 0.866719 0.249062 0.871109 0.272208 0.880937 0.290042 0.891391 0.298146 0.911687 0.298687 0.916281 0.286417 0.910016 0.250437 0.894328 0.229521
0 0.812500 0.868313 0.788188 0.879125 0.770375 0.909792 0.771672 0.926208 0.778156 0.943063 0.794672 0.946937 0.808281 0.942625 0.828375 0.915833 0.825781 0.884313
0 0.167344 0.878979 0.158062 0.899875 0.159219 0.921563 0.173734 0.954062 0.195219 0.958708 0.214375 0.947104 0.220187 0.921563 0.201031 0.885167
0 0.082266 0.230271 0.057969 0.257458 0.048875 0.287521 0.050172 0.312979 0.064047 0.325688 0.075766 0.323375 0.084875 0.308917 0.096141 0.261500
