0 0.816219 0.879583 0.808094 0.873229 0.797453 0.877333 0.782328 0.887042 0.771969 0.909062 0.769453 0.925500 0.774766 0.940438 0.786813 0.941562 0.802219 0.937083 0.815094 0.922896 0.821531 0.899354
1 0.090359 0.217458 0.103000 0.228271 0.106563 0.253750 0.107219 0.285729 0.096844 0.317250 0.086156 0.338854 0.068328 0.353125 0.052781 0.348354 0.043391 0.335833 0.035937 0.308188 0.041766 0.278375 0.050516 0.248146 0.067687 0.225667
1 0.155641 0.948625 0.170641 0.970125 0.190875 0.979625 0.209250 0.979625 0.224625 0.968125 0.226484 0.947625 0.222750 0.921646 0.207000 0.897146 0.183375 0.875646 0.162391 0.871146 0.148141 0.879646 0.142141 0.905646
1 0.769594 0.967042 0.796219 0.968333 0.817766 0.946063 0.836875 0.909292 0.841719 0.867021 0.820906 0.852500 0.804453 0.851854 0.789438 0.866687 0.772500 0.890250 0.761609 0.912833 0.760406 0.949938
1 0.878813 0.196396 0.906359 0.214521 0.921266 0.254271 0.925797 0.287542 0.921906 0.314312 0.909922 0.325125 0.890813 0.325563 0.875578 0.307833 0.863906 0.286667 0.857750 0.254708 0.857750 0.229208 0.861641 0.205896
1 0.478844 0.230000 0.491187 0.228750 0.493063 0.221250 0.501188 0.217708 0.506188 0.206042 0.502625 0.195979 0.493391 0.189938 0.481469 0.185604 0.472250 0.186333 0.462984 0.191104 0.456734 0.199021 0.455172 0.206313 0.459859 0.215479 0.466578 0.217771 0.466891 0.225687
1 0.319516 0.383188 0.317344 0.370896 0.311016 0.361500 0.303609 0.362708 0.290234 0.380542 0.288422 0.404396 0.294203 0.424646 0.304156 0.427292 0.311016 0.418375 0.312109 0.412354 0.321500 0.414521 0.326391 0.400313 0.324578 0.383438
1 0.309703 0.709562 0.325203 0.729583 0.341406 0.736354 0.349891 0.731833 0.351094 0.717000 0.344797 0.708271 0.347703 0.701833 0.338516 0.684729 0.330516 0.682458 0.326172 0.688583 0.317219 0.685042 0.307281 0.693750
1 0.610484 0.704354 0.608234 0.692042 0.614969 0.680083 0.623359 0.677104 0.637031 0.674167 0.651359 0.690167 0.646328 0.721896 0.628969 0.737583 0.612500 0.731458 0.613125 0.716667
1 0.669172 0.370854 0.664359 0.374188 0.663938 0.390083 0.671047 0.401813 0.678375 0.402646 0.683594 0.408771 0.691547 0.414083 0.698031 0.410458 0.701797 0.399292 0.700125 0.382562 0.696359 0.368625 0.688828 0.357750 0.681094 0.348542 0.673766 0.347146 0.668953 0.353000
1 0.472250 0.322833 0.467094 0.321167 0.463187 0.316583 0.468813 0.310333 0.479594 0.306375 0.491625 0.308667 0.497094 0.313667 0.498500 0.320958 0.491312 0.322417 0.488187 0.322000 0.488500 0.329708 0.486156 0.332625 0.474906 0.332625 0.472719 0.331167
1 0.373250 0.442000 0.368719 0.450958 0.363719 0.452833 0.362938 0.439292 0.363406 0.421583 0.370281 0.411583 0.376063 0.411792 0.376063 0.422208 0.382625 0.425542 0.383406 0.439083 0.379656 0.446167
1 0.382234 0.633646 0.390047 0.644479 0.395359 0.647187 0.401141 0.647187 0.401922 0.638021 0.399891 0.634479 0.404109 0.625729 0.400203 0.616146 0.393953 0.613021 0.390203 0.616146 0.383484 0.613229 0.379109 0.617812 0.380672 0.628229
1 0.563000 0.618792 0.568156 0.625458 0.565031 0.634000 0.567531 0.638583 0.576438 0.630458 0.583937 0.615875 0.586906 0.608583 0.586750 0.601500 0.584875 0.597958 0.578937 0.598167 0.576125 0.604000 0.570656 0.600042 0.564250 0.606083
1 0.592375 0.418167 0.592219 0.427125 0.595031 0.435875 0.604563 0.436083 0.609875 0.443167 0.615031 0.440875 0.615812 0.432125 0.612375 0.416083 0.605813 0.408792 0.601281 0.403167 0.596906 0.407750 0.596906 0.415042
0 0.601687 0.411812 0.592469 0.417021 0.592781 0.425146 0.597156 0.433896 0.600437 0.437021 0.610281 0.430979 0.609187 0.418687
0 0.569922 0.600646 0.563516 0.607104 0.562109 0.618563 0.570391 0.625854 0.577266 0.622729 0.582422 0.610646 0.577422 0.604812
0 0.392609 0.614521 0.387141 0.621813 0.385734 0.629104 0.389328 0.633271 0.394484 0.638479 0.400422 0.634729 0.403391 0.626604 0.400734 0.618896
0 0.371547 0.419750 0.367953 0.425792 0.365766 0.436625 0.366859 0.442458 0.376859 0.446417 0.381547 0.442250 0.383422 0.425583 0.376703 0.422250
0 0.489484 0.316646 0.482297 0.312896 0.472141 0.315188 0.471984 0.330813 0.479641 0.333937 0.485891 0.333729 0.490734 0.331646
0 0.681641 0.364125 0.664141 0.372458 0.662734 0.387458 0.666328 0.397042 0.670703 0.405167 0.680547 0.404125 0.692266 0.396833 0.692422 0.382042 0.688828 0.369958
0 0.635687 0.685333 0.637406 0.693042 0.636000 0.703458 0.631781 0.710542 0.623500 0.715750 0.609750 0.706583 0.607719 0.695542 0.610375 0.681583 0.616625 0.677208 0.623500 0.672625
0 0.319969 0.698604 0.319812 0.710271 0.327000 0.720479 0.334344 0.721521 0.340125 0.718812 0.346219 0.709646 0.349187 0.699021 0.344969 0.689854 0.339500 0.685479 0.333094 0.682562 0.327781 0.685688
0 0.306719 0.379583 0.300937 0.379583 0.298438 0.387500 0.296094 0.400208 0.299687 0.410000 0.306250 0.414167 0.320469 0.415000 0.327344 0.407292 0.325781 0.388542 0.325469 0.379583
0 0.493500 0.205396 0.490531 0.198104 0.484750 0.196021 0.476469 0.195813 0.468969 0.199771 0.466781 0.208104 0.467875 0.224354 0.474750 0.232896 0.483656 0.231229 0.490844 0.230187 0.494750 0.216438
0 0.891359 0.235521 0.883406 0.227813 0.870031 0.231917 0.865875 0.247333 0.866781 0.261792 0.873109 0.285667 0.882687 0.297708 0.892625 0.303979 0.906000 0.298917 0.909797 0.286875 0.907641 0.264688 0.901672 0.246604
0 0.172969 0.892708 0.165938 0.902708 0.163656 0.921896 0.175656 0.948375 0.190281 0.958375 0.203031 0.959875 0.215766 0.947375 0.213891 0.928375 0.201531 0.901896 0.188781 0.894396
0 0.089969 0.243125 0.069562 0.248750 0.058547 0.273375 0.054016 0.298000 0.059844 0.323042 0.070203 0.329521 0.087375 0.322188 0.098078 0.294979 0.101641 0.263875
