1 0.818719 0.849938 0.843812 0.858625 0.847328 0.900125 0.837797 0.930229 0.819219 0.958333 0.791625 0.974396 0.754984 0.975062 0.745953 0.959000 0.753484 0.925542 0.783094 0.877375 0.803156 0.856625
0 0.476562 0.314583 0.473438 0.320833 0.475000 0.333333 0.487500 0.335417 0.492188 0.327083 0.490625 0.316667
0 0.371875 0.425000 0.361719 0.421875 0.359375 0.437500 0.364063 0.445833 0.371875 0.439583
0 0.664062 0.375000 0.660937 0.387500 0.667188 0.406250 0.681250 0.406250 0.687500 0.400000 0.685937 0.375000
0 0.392188 0.610417 0.387500 0.616667 0.387500 0.629167 0.393750 0.635417 0.404687 0.633333 0.404687 0.614583
0 0.581250 0.602083 0.568750 0.608333 0.568750 0.625000 0.578125 0.627083 0.584375 0.620833 0.585938 0.610417
0 0.596875 0.414583 0.592187 0.422917 0.593750 0.437500 0.604688 0.441667 0.609375 0.437500 0.609375 0.422917 0.606250 0.416667
1 0.595766 0.414062 0.596547 0.404083 0.602328 0.402604 0.608109 0.410104 0.613578 0.426771 0.614203 0.438646 0.614047 0.445938 0.607953 0.449271 0.605141 0.442812 0.600297 0.440729 0.593422 0.440104 0.589516 0.426354 0.592484 0.419896
1 0.579328 0.603333 0.574953 0.600208 0.564641 0.612917 0.566359 0.619375 0.565109 0.626250 0.568547 0.631250 0.573547 0.635000 0.581516 0.630000 0.587141 0.622083 0.588078 0.611250 0.583703 0.600833
1 0.391937 0.613062 0.387562 0.609104 0.383031 0.609104 0.380219 0.617229 0.386625 0.630354 0.394281 0.639104 0.402562 0.644521 0.407875 0.640979 0.406156 0.632021 0.404125 0.628687 0.407562 0.623479 0.403969 0.613062 0.396937 0.608271
1 0.370063 0.424833 0.371156 0.417125 0.368656 0.411708 0.361469 0.413167 0.358031 0.423792 0.354594 0.437125 0.353969 0.447125 0.357719 0.453167 0.362250 0.451292 0.364750 0.442958 0.371625 0.443375 0.373812 0.425458
1 0.474484 0.325354 0.465891 0.323479 0.466984 0.317229 0.472297 0.313063 0.479328 0.311604 0.484953 0.311188 0.492453 0.313688 0.496828 0.317437 0.497453 0.321396 0.496672 0.325146 0.490734 0.324312 0.490109 0.333687 0.479641 0.335979 0.473391 0.333479
1 0.665859 0.374333 0.666906 0.358438 0.672141 0.351750 0.681766 0.351458 0.689297 0.363458 0.696187 0.376563 0.697859 0.396375 0.698500 0.403896 0.691172 0.414771 0.684063 0.417563 0.678203 0.408917 0.677781 0.406417 0.666703 0.406958 0.660219 0.388000 0.662937 0.375729
1 0.646234 0.672229 0.635453 0.677229 0.631859 0.674521 0.623422 0.675354 0.617016 0.683271 0.613266 0.690146 0.615297 0.701187 0.616859 0.705562 0.615297 0.707854 0.613422 0.717438 0.615297 0.723479 0.617797 0.727438 0.621547 0.730146 0.628891 0.727438 0.637953 0.723271 0.646234 0.714104 0.651234 0.702646 0.653891 0.694937 0.652484 0.678687
1 0.335328 0.679375 0.329047 0.676583 0.320469 0.674625 0.313781 0.684667 0.315656 0.703083 0.324031 0.717292 0.333437 0.725938 0.340766 0.730958 0.352266 0.730125 0.356031 0.722042 0.355406 0.710604 0.349547 0.705854 0.353938 0.693042 0.342438 0.676292
1 0.297000 0.382542 0.297969 0.371583 0.296031 0.365125 0.287562 0.360604 0.280781 0.367063 0.274500 0.376417 0.271344 0.386417 0.268922 0.399333 0.267719 0.412875 0.270625 0.423208 0.274734 0.428042 0.283453 0.425146 0.289016 0.417083 0.292641 0.417083 0.300391 0.406750 0.300875 0.387062
1 0.886750 0.201187 0.870875 0.196854 0.861812 0.210250 0.855328 0.235750 0.856625 0.259937 0.862781 0.283271 0.874766 0.309604 0.895828 0.328625 0.911063 0.330792 0.925641 0.312208 0.928547 0.281958 0.919484 0.244375 0.902953 0.212417
1 0.164719 0.866000 0.148594 0.869500 0.141094 0.897000 0.146344 0.923979 0.159844 0.956979 0.176328 0.971979 0.195453 0.982958 0.214578 0.979958 0.229562 0.963979 0.230687 0.930479 0.208578 0.899500 0.193203 0.877500
1 0.088906 0.217938 0.070109 0.223562 0.049375 0.252062 0.040953 0.281021 0.038359 0.325521 0.051641 0.353167 0.066875 0.357479 0.085984 0.337167 0.101859 0.305646 0.105109 0.258979 0.101219 0.233938
1 0.494688 0.231875 0.498281 0.222083 0.506891 0.203604 0.496234 0.190062 0.481469 0.185854 0.464281 0.189729 0.457266 0.200396 0.458000 0.213625 0.469062 0.221042 0.475781 0.236250
0 0.081250 0.252083 0.071875 0.252083 0.064062 0.258333 0.054688 0.279167 0.054688 0.314583 0.067187 0.329167 0.082812 0.320833 0.093750 0.295833 0.092188 0.262500
0 0.173437 0.893750 0.164062 0.906250 0.164062 0.925000 0.168750 0.937500 0.190625 0.956250 0.203125 0.956250 0.212500 0.943750 0.209375 0.914583 0.193750 0.897917
0 0.810937 0.877083 0.798438 0.877083 0.779687 0.893750 0.771875 0.914583 0.775000 0.935417 0.793750 0.943750 0.812500 0.931250 0.820312 0.914583 0.820312 0.889583
0 0.876563 0.235417 0.865625 0.250000 0.867188 0.281250 0.881250 0.304167 0.898438 0.306250 0.906250 0.300000 0.907813 0.291667 0.904687 0.254167 0.896875 0.241667 0.887500 0.235417
0 0.473438 0.200000 0.468750 0.218750 0.471875 0.231250 0.478125 0.235417 0.492188 0.233333 0.496875 0.222917 0.493750 0.202083 0.489063 0.197917
0 0.282813 0.381250 0.275000 0.391667 0.273438 0.404167 0.281250 0.414583 0.292187 0.416667 0.298438 0.408333 0.300000 0.389583 0.296875 0.383333
0 0.329688 0.681250 0.325000 0.689583 0.328125 0.710417 0.334375 0.716667 0.348438 0.712500 0.351562 0.708333 0.350000 0.687500 0.342187 0.679167
0 0.632812 0.675000 0.625000 0.675000 0.614062 0.691667 0.617188 0.710417 0.626563 0.716667 0.639062 0.710417 0.643750 0.700000 0.639062 0.679167
