0 0.394656 0.612542 0.390906 0.616917 0.389031 0.621083 0.391531 0.628375 0.396219 0.632125 0.399813 0.632125 0.403094 0.625667 0.400594 0.616500
0 0.577187 0.602229 0.585484 0.611187 0.583141 0.619729 0.576891 0.626396 0.574375 0.628687 0.567516 0.622646 0.565000 0.614521 0.568594 0.605771 0.571250 0.603479
1 0.876234 0.197708 0.903562 0.217375 0.925688 0.260750 0.926547 0.302958 0.922219 0.324354 0.904000 0.328417 0.877969 0.320312 0.861063 0.278104 0.851078 0.231833 0.855422 0.205229
0 0.602563 0.415542 0.593656 0.419083 0.593187 0.425125 0.594125 0.432208 0.595062 0.436583 0.598031 0.439708 0.602406 0.439292 0.607719 0.436167 0.609750 0.426167 0.607563 0.419083
1 0.324672 0.715042 0.337016 0.727875 0.348109 0.730104 0.356687 0.723125 0.350828 0.705562 0.351031 0.693563 0.342047 0.680167 0.333469 0.681854 0.324891 0.677938 0.319656 0.676833 0.314219 0.685750 0.318187 0.705271
1 0.618344 0.704562 0.614359 0.721917 0.620875 0.732042 0.636875 0.725625 0.655406 0.705271 0.657750 0.687687 0.651062 0.678771 0.644187 0.677312 0.637500 0.683583 0.631891 0.676583 0.625031 0.676104 0.618703 0.682146 0.614359 0.694917
1 0.663219 0.391583 0.659578 0.383625 0.662125 0.372750 0.667734 0.372063 0.666813 0.362646 0.671687 0.352750 0.681453 0.352521 0.692484 0.367938 0.699891 0.388417 0.698641 0.403375 0.695016 0.412042 0.689609 0.417104 0.681656 0.415208 0.676203 0.403375 0.667172 0.406021
1 0.481719 0.334125 0.489375 0.332042 0.489375 0.323083 0.496719 0.321833 0.496094 0.314750 0.483906 0.310375 0.475469 0.313083 0.469844 0.316208 0.467187 0.322708 0.475469 0.326208 0.474531 0.333083
1 0.374297 0.437792 0.376797 0.424667 0.370859 0.424250 0.370078 0.412583 0.365703 0.411542 0.356016 0.425917 0.353984 0.443208 0.357422 0.450708 0.362891 0.449875 0.364141 0.444250 0.372422 0.445708
1 0.389750 0.630917 0.396781 0.639875 0.403031 0.642583 0.405687 0.641125 0.405062 0.634250 0.403031 0.628000 0.402250 0.621958 0.397094 0.613208 0.394906 0.613417 0.393187 0.614458 0.387719 0.612375 0.382406 0.612375 0.383031 0.622792
1 0.568969 0.621937 0.564750 0.613396 0.571625 0.604229 0.577562 0.603812 0.580063 0.605688 0.584906 0.599229 0.591000 0.601313 0.589594 0.611938 0.583281 0.626875 0.575781 0.635208 0.566719 0.635417 0.563125 0.630833
1 0.595156 0.438958 0.592969 0.420583 0.596875 0.418333 0.595469 0.410208 0.598906 0.404542 0.605938 0.410167 0.612047 0.425583 0.613609 0.440583 0.612047 0.444125 0.607031 0.445000 0.604688 0.440375
1 0.767234 0.965417 0.786000 0.968771 0.818203 0.948979 0.838359 0.910521 0.844812 0.875062 0.831922 0.852646 0.812328 0.852646 0.793562 0.864979 0.777047 0.885896 0.760516 0.923229 0.759125 0.948979
1 0.152188 0.936646 0.168672 0.963250 0.195563 0.981750 0.218109 0.977708 0.232422 0.951667 0.221578 0.923333 0.205531 0.890375 0.177781 0.870125 0.156094 0.862042 0.138734 0.890958
1 0.087750 0.220833 0.105109 0.236146 0.104000 0.277958 0.092516 0.317542 0.081594 0.341437 0.054438 0.353750 0.041547 0.342187 0.037906 0.311563 0.041266 0.263771 0.061437 0.230167
1 0.480531 0.189958 0.498437 0.192229 0.506188 0.200292 0.507641 0.212229 0.500125 0.221583 0.494078 0.221271 0.493844 0.229000 0.483437 0.234167 0.470609 0.228042 0.470359 0.221583 0.463594 0.219333 0.456328 0.211250 0.456562 0.198667 0.469875 0.191250
1 0.301328 0.405458 0.303516 0.390292 0.299641 0.385458 0.296984 0.366083 0.288266 0.360917 0.275438 0.372875 0.267188 0.400208 0.271813 0.427729 0.280766 0.430313 0.288750 0.417729
0 0.074672 0.248312 0.089719 0.255667 0.096750 0.287125 0.090219 0.311208 0.076672 0.327937 0.062125 0.327937 0.048063 0.317229 0.051078 0.285104 0.058109 0.261688
0 0.172828 0.894292 0.186828 0.894667 0.199703 0.903250 0.208672 0.918563 0.213438 0.933500 0.210625 0.948417 0.198313 0.952542 0.178141 0.948792 0.169750 0.936479 0.165266 0.917813 0.164984 0.901375
0 0.816250 0.879167 0.822734 0.892437 0.823297 0.905917 0.816047 0.923292 0.803219 0.934375 0.792500 0.940000 0.782984 0.938708 0.774531 0.933125 0.771219 0.919917 0.776094 0.903271 0.781703 0.890979 0.791094 0.881583 0.803047 0.875562
0 0.879203 0.234062 0.892813 0.236208 0.904797 0.255229 0.908047 0.274667 0.908047 0.290646 0.907391 0.299729 0.897031 0.306625 0.888281 0.304896 0.878234 0.298417 0.869812 0.280708 0.866563 0.263437 0.866250 0.246146 0.871109 0.234479
0 0.470359 0.209042 0.473031 0.203542 0.477859 0.197417 0.489484 0.199354 0.495531 0.204188 0.496016 0.210646 0.493844 0.227438 0.489969 0.230979 0.481734 0.232917 0.476172 0.231625 0.471094 0.229687
0 0.288531 0.379417 0.283500 0.380896 0.278172 0.387625 0.274250 0.401062 0.274250 0.409646 0.292734 0.418979 0.296094 0.416750 0.299734 0.411146 0.303938 0.399938 0.302531 0.387625
0 0.325469 0.693104 0.336594 0.679229 0.341172 0.679229 0.347250 0.686333 0.350609 0.692458 0.350875 0.699896 0.350391 0.705375 0.342172 0.715063 0.333906 0.716667 0.329313 0.708917 0.324734 0.701187
0 0.615844 0.699938 0.625375 0.712229 0.629750 0.713896 0.633031 0.710562 0.638031 0.705562 0.641312 0.698271 0.643188 0.692229 0.633031 0.676813 0.626625 0.675146 0.620531 0.679521 0.616469 0.686188 0.614437 0.693271
0 0.662359 0.375667 0.679531 0.368188 0.686406 0.372063 0.688937 0.381437 0.689297 0.395417 0.685141 0.400958 0.669047 0.405542 0.662906 0.399771 0.659469 0.387729
0 0.474563 0.318833 0.478781 0.315938 0.486281 0.315708 0.490344 0.318833 0.489406 0.332813 0.483625 0.334688 0.475500 0.333646 0.473938 0.332813
0 0.365250 0.422208 0.361812 0.424500 0.359000 0.433458 0.358375 0.439083 0.365719 0.444500 0.370250 0.446583 0.372750 0.441375 0.375406 0.432000 0.376500 0.426583
