0 0.640047 0.702167 0.642859 0.696354 0.644891 0.683646 0.637859 0.674042 0.633016 0.669063 0.625047 0.671354 0.619109 0.676354 0.616453 0.681333 0.614266 0.694688 0.619266 0.703437 0.626609 0.711146 0.635984 0.708417
1 0.603250 0.427292 0.599812 0.431667 0.600750 0.437500 0.605750 0.443542 0.609500 0.445625 0.614344 0.440000 0.620281 0.441667 0.623719 0.437083 0.622781 0.427083 0.616531 0.418125 0.609031 0.411875 0.603719 0.413750 0.602625 0.420833
1 0.580578 0.602771 0.588547 0.597771 0.592453 0.600896 0.592609 0.612979 0.589172 0.623188 0.581516 0.629229 0.574172 0.631729 0.569016 0.628396 0.571359 0.619437 0.568078 0.613604 0.568234 0.607563 0.570891 0.600479 0.577141 0.598187
1 0.388844 0.629208 0.394781 0.635250 0.399625 0.639625 0.405719 0.639000 0.405562 0.633375 0.403062 0.625042 0.404938 0.622542 0.405562 0.618167 0.399781 0.607958 0.396969 0.607542 0.392281 0.610667 0.387125 0.606292 0.383375 0.606917 0.381031 0.611917 0.384469 0.622333
1 0.362812 0.440000 0.366938 0.438396 0.371469 0.439021 0.374281 0.429229 0.374125 0.420063 0.370219 0.418812 0.370219 0.407771 0.367406 0.404854 0.361000 0.408396 0.353031 0.431104 0.352563 0.444854 0.358594 0.446875
1 0.463281 0.331667 0.460859 0.339125 0.459922 0.343708 0.470391 0.350792 0.477422 0.346833 0.478047 0.341208 0.485391 0.340792 0.488672 0.334750 0.482734 0.326417 0.471016 0.321833 0.463359 0.321208 0.459922 0.324542
1 0.680562 0.379062 0.667906 0.384854 0.670078 0.396896 0.675141 0.410396 0.681469 0.415458 0.687797 0.412813 0.696297 0.418354 0.705156 0.413771 0.713281 0.399312 0.707328 0.379312 0.700094 0.364604 0.690141 0.357375 0.680750 0.363167
1 0.616328 0.698042 0.611969 0.710625 0.614875 0.722896 0.624797 0.725146 0.642703 0.716437 0.653594 0.695458 0.656984 0.683521 0.655297 0.667708 0.646828 0.663521 0.635453 0.673208 0.630125 0.670625 0.620922 0.674500 0.614391 0.685792
1 0.318922 0.705479 0.326453 0.718292 0.334828 0.725000 0.345703 0.728333 0.353437 0.726104 0.354484 0.714396 0.349891 0.704083 0.352391 0.697667 0.350094 0.685396 0.342359 0.675917 0.338797 0.673958 0.331688 0.676750 0.322484 0.671167 0.314953 0.673396 0.313906 0.690979
1 0.284531 0.410208 0.288937 0.409458 0.295812 0.408417 0.299250 0.397167 0.298781 0.383417 0.295031 0.378833 0.295031 0.369667 0.291750 0.360500 0.286438 0.358000 0.275031 0.363625 0.269094 0.383208 0.268156 0.400500 0.270187 0.416125 0.275500 0.420917 0.282031 0.416250
1 0.457703 0.229458 0.462172 0.240667 0.474500 0.243646 0.481781 0.235813 0.488219 0.231708 0.500547 0.224229 0.502781 0.210417 0.489906 0.196229 0.474500 0.189146 0.456297 0.193250 0.447891 0.203708 0.451250 0.216771 0.458812 0.218646
1 0.885484 0.209167 0.908172 0.224292 0.923078 0.258854 0.925672 0.305500 0.918859 0.329708 0.901047 0.338771 0.882250 0.320625 0.864750 0.289083 0.858922 0.254542 0.862156 0.215229
1 0.767234 0.960854 0.777594 0.971313 0.799438 0.963104 0.822688 0.940333 0.838094 0.917167 0.844812 0.893646 0.845375 0.869750 0.832484 0.851458 0.816531 0.851083 0.793562 0.864146 0.777328 0.886188 0.763875 0.912687 0.758563 0.942187
1 0.156094 0.943812 0.175609 0.968688 0.199891 0.977938 0.224187 0.974458 0.227219 0.954229 0.225062 0.927042 0.208578 0.900438 0.189922 0.878458 0.169531 0.866312 0.152188 0.865167 0.136578 0.886563 0.143937 0.918937
1 0.088875 0.213917 0.100500 0.233417 0.103125 0.272396 0.091500 0.317375 0.074250 0.345875 0.056641 0.352375 0.038641 0.339375 0.034141 0.301896 0.042766 0.257896 0.066375 0.218917
0 0.283250 0.373542 0.277000 0.377083 0.273094 0.400417 0.281719 0.407917 0.292625 0.410208 0.298875 0.404167 0.302625 0.392292 0.300750 0.379375
0 0.364906 0.416250 0.360219 0.422917 0.358031 0.430833 0.357719 0.436250 0.365313 0.438542 0.371312 0.440021 0.374437 0.428958 0.373656 0.419583
0 0.085156 0.246750 0.070391 0.248042 0.058047 0.265792 0.049578 0.290312 0.053938 0.312583 0.065312 0.323229 0.074750 0.321625 0.088797 0.305167 0.095562 0.277083 0.094844 0.258375
0 0.170891 0.890646 0.164203 0.903417 0.164031 0.917167 0.172156 0.937167 0.179031 0.945854 0.192766 0.950896 0.202344 0.951250 0.211578 0.942479 0.210844 0.931375 0.208859 0.916438 0.199281 0.904625 0.188250 0.892083
0 0.815156 0.875854 0.803750 0.874813 0.790469 0.881063 0.781719 0.893771 0.779375 0.901062 0.777187 0.909396 0.775625 0.919604 0.778594 0.927729 0.786875 0.935854 0.794063 0.937937 0.807813 0.934188 0.819375 0.919813 0.822188 0.905229 0.823125 0.891896 0.820469 0.882938
0 0.891891 0.241667 0.883328 0.241375 0.871406 0.248354 0.868672 0.262292 0.870625 0.278958 0.875781 0.293750 0.886047 0.308604 0.893781 0.311104 0.901734 0.309146 0.909891 0.302750 0.911562 0.282375 0.906547 0.260062 0.898172 0.249188
0 0.461891 0.209354 0.454766 0.230937 0.462859 0.243042 0.476469 0.245208 0.485219 0.237854 0.488141 0.212375 0.472906 0.205458
0 0.335313 0.674583 0.325328 0.687021 0.324703 0.699313 0.331109 0.710562 0.337672 0.713688 0.342984 0.711813 0.353141 0.699729 0.352203 0.689729 0.345641 0.678271
0 0.685969 0.374167 0.668078 0.384771 0.667719 0.398771 0.672781 0.407917 0.678203 0.416354 0.689047 0.413938 0.695734 0.403583 0.696094 0.390562 0.695188 0.379958
0 0.463922 0.329313 0.457750 0.342375 0.464469 0.349833 0.470922 0.351708 0.476234 0.350958 0.480438 0.337146
0 0.399703 0.607812 0.396109 0.607187 0.392203 0.611542 0.387672 0.616979 0.388766 0.623854 0.392828 0.628646 0.397203 0.630292 0.405641 0.624042 0.405016 0.617396
0 0.577250 0.597521 0.571156 0.600646 0.568031 0.608563 0.568031 0.613979 0.573969 0.621479 0.578812 0.622938 0.585063 0.612729 0.585375 0.607313
0 0.605406 0.423583 0.597453 0.431542 0.602344 0.442396 0.608484 0.446979 0.616625 0.441917 0.615359 0.430333
