0 0.479687 0.322917 0.476562 0.329167 0.479687 0.339583 0.490625 0.339583 0.495312 0.327083 0.492188 0.322917
0 0.571875 0.614583 0.565625 0.625000 0.567187 0.635417 0.578125 0.637500 0.584375 0.629167 0.584375 0.616667
0 0.093750 0.254167 0.071875 0.258333 0.064062 0.270833 0.059375 0.289583 0.059375 0.314583 0.064062 0.325000 0.082969 0.329167 0.093906 0.312500 0.100625 0.283125 0.103125 0.272917 0.100781 0.262500
0 0.329688 0.689583 0.328125 0.710417 0.337500 0.720833 0.351562 0.720833 0.354687 0.716667 0.354687 0.702083 0.350000 0.691667 0.343750 0.687500
0 0.392188 0.612500 0.389062 0.618750 0.390625 0.629167 0.396875 0.635417 0.404687 0.635417 0.404687 0.618750 0.400000 0.612500
0 0.879687 0.243750 0.873437 0.250000 0.870313 0.262500 0.875000 0.295833 0.889062 0.318750 0.901563 0.320833 0.910937 0.302083 0.910937 0.279167 0.906250 0.258333 0.892188 0.243750
0 0.471875 0.212500 0.470313 0.229167 0.475000 0.235417 0.490625 0.237500 0.495312 0.233333 0.496875 0.220833 0.490625 0.208333 0.476562 0.208333
0 0.665625 0.375000 0.662500 0.381250 0.664062 0.406250 0.671875 0.414583 0.689063 0.414583 0.695312 0.404167 0.695312 0.383333 0.684375 0.370833
0 0.164062 0.908333 0.167187 0.935417 0.179688 0.950000 0.183125 0.957083 0.186719 0.960625 0.189062 0.960417 0.198437 0.964583 0.206250 0.962500 0.209375 0.966667 0.217188 0.964583 0.217188 0.929167 0.206250 0.908333 0.187500 0.891667 0.178125 0.891667
0 0.365625 0.429167 0.360938 0.435417 0.360938 0.447917 0.370312 0.452083 0.375000 0.443750 0.373437 0.429167
0 0.825000 0.891667 0.818750 0.883333 0.810937 0.881250 0.796875 0.883333 0.784375 0.891667 0.773438 0.912500 0.773438 0.939583 0.782813 0.945833 0.804688 0.939583 0.818750 0.918750 0.825000 0.902083
0 0.300000 0.383333 0.289062 0.381250 0.281250 0.385417 0.278125 0.408333 0.284375 0.420833 0.295312 0.418750 0.301563 0.412500 0.304688 0.391667
0 0.600000 0.422917 0.595313 0.429167 0.596875 0.441667 0.604688 0.447917 0.614062 0.441667 0.610938 0.425000
0 0.632812 0.685417 0.625000 0.691667 0.620313 0.712500 0.625000 0.718750 0.639062 0.720833 0.646875 0.712500 0.646875 0.693750 0.642188 0.685417
