0 0.360938 0.425000 0.357812 0.435417 0.359375 0.447917 0.373437 0.452083 0.378125 0.443750 0.378125 0.431250 0.371875 0.425000
0 0.473438 0.325000 0.481250 0.337500 0.490625 0.333333 0.493750 0.327083 0.490625 0.320833
0 0.489063 0.206250 0.475000 0.208333 0.468750 0.214583 0.467187 0.229167 0.471875 0.237500 0.478125 0.241667 0.493750 0.237500 0.496875 0.216667
0 0.867969 0.256042 0.870313 0.271458 0.871875 0.289583 0.883125 0.314583 0.892344 0.318958 0.899687 0.323125 0.909375 0.327083 0.914062 0.322917 0.915625 0.312500 0.914062 0.285417 0.909375 0.268750 0.902344 0.257500 0.896875 0.243750 0.871875 0.243750
0 0.332813 0.683333 0.326562 0.693750 0.326562 0.712500 0.335938 0.722917 0.343750 0.722917 0.354687 0.710417 0.353125 0.693750 0.343750 0.683333
0 0.396875 0.610417 0.390625 0.612500 0.384375 0.622917 0.384375 0.629167 0.392188 0.637500 0.401562 0.635417 0.404687 0.629167 0.404687 0.618750
0 0.665625 0.383333 0.665625 0.395833 0.675000 0.410417 0.690625 0.406250 0.692187 0.389583 0.684375 0.377083 0.671875 0.377083
0 0.826562 0.887500 0.815625 0.879167 0.806250 0.879167 0.790625 0.887500 0.773438 0.914583 0.773438 0.939583 0.784375 0.947917 0.803125 0.943750 0.820312 0.922917 0.826562 0.906250
0 0.584375 0.614583 0.576562 0.612500 0.570312 0.616667 0.565625 0.633333 0.581250 0.633333 0.584375 0.629167
0 0.285938 0.379167 0.281250 0.387500 0.281250 0.412500 0.289062 0.420833 0.303125 0.418750 0.310937 0.400000 0.307812 0.383333 0.298438 0.377083
0 0.168750 0.900000 0.164062 0.906250 0.165625 0.935417 0.179688 0.950000 0.182812 0.960417 0.209375 0.964583 0.217188 0.945833 0.217188 0.929167 0.204687 0.918750 0.201563 0.906250 0.192188 0.906250 0.185938 0.897917
0 0.643750 0.683333 0.634375 0.683333 0.623437 0.695833 0.621875 0.714583 0.626563 0.718750 0.639062 0.718750 0.643750 0.714583 0.646875 0.706250 0.646875 0.687500
0 0.596875 0.427083 0.596875 0.443750 0.603125 0.450000 0.612500 0.450000 0.610938 0.431250 0.604688 0.425000
0 0.100000 0.235417 0.090625 0.235417 0.070312 0.254167 0.062500 0.289583 0.062500 0.308333 0.068750 0.322917 0.085938 0.322917 0.096875 0.310417 0.107813 0.285417 0.110937 0.268750 0.109375 0.250000
