0 0.390313 0.615625 0.391406 0.624792 0.397656 0.633333 0.403594 0.634792 0.406250 0.629167 0.403125 0.618750 0.395313 0.610417
0 0.481250 0.312500 0.478125 0.316667 0.478125 0.331250 0.489063 0.335417 0.492188 0.316667
0 0.595156 0.425208 0.590625 0.431250 0.590625 0.445208 0.598437 0.452083 0.605781 0.451250 0.607031 0.434792 0.602656 0.424792
0 0.582812 0.614792 0.578125 0.613542 0.568750 0.627083 0.570000 0.635417 0.576562 0.639792 0.582969 0.632500 0.586094 0.621875
0 0.376875 0.431875 0.362969 0.426875 0.358906 0.435000 0.362187 0.446458 0.370312 0.447917
0 0.089844 0.251250 0.075000 0.250625 0.065156 0.256875 0.056250 0.270625 0.053125 0.278542 0.050938 0.291042 0.050938 0.298333 0.052500 0.316667 0.059062 0.329792 0.069844 0.334792 0.080625 0.332083 0.095781 0.311667 0.102344 0.290625 0.102813 0.273750 0.099687 0.260208
0 0.819531 0.872917 0.805312 0.875833 0.794375 0.885000 0.776406 0.910625 0.773438 0.926458 0.772813 0.946875 0.779844 0.952292 0.797813 0.950833 0.812656 0.940000 0.822031 0.921042 0.826250 0.902500 0.827812 0.883750
0 0.290937 0.380208 0.284531 0.379792 0.276250 0.388125 0.273750 0.407917 0.279687 0.411667 0.290781 0.414583 0.301406 0.411042 0.304219 0.383333
0 0.875000 0.235833 0.870625 0.243125 0.867500 0.255000 0.868437 0.278333 0.870625 0.295417 0.877031 0.308125 0.884844 0.317500 0.895000 0.321042 0.901406 0.318750 0.909062 0.315833 0.915938 0.301667 0.913281 0.276667 0.908438 0.261250 0.895781 0.246042 0.885313 0.237708
0 0.168750 0.900000 0.162500 0.914583 0.162500 0.927083 0.168750 0.943750 0.185938 0.962500 0.200000 0.968750 0.210938 0.966667 0.215625 0.958333 0.217188 0.941667 0.203125 0.912500 0.184375 0.897917
0 0.469219 0.211042 0.470313 0.226042 0.481250 0.235417 0.492188 0.233333 0.499531 0.225833 0.499219 0.210208 0.498125 0.203333 0.475469 0.203542
0 0.330313 0.688750 0.326719 0.696250 0.330156 0.707917 0.336094 0.719167 0.344687 0.726042 0.350781 0.724792 0.357344 0.720000 0.360156 0.690417 0.343906 0.679792
0 0.645000 0.683125 0.635938 0.683333 0.625000 0.693750 0.620781 0.705833 0.627500 0.721042 0.636562 0.723333 0.644844 0.718333 0.651406 0.701458 0.649531 0.691042
0 0.661875 0.375417 0.648438 0.387500 0.646875 0.404167 0.653125 0.416667 0.662500 0.420833 0.667656 0.420208 0.672656 0.418542 0.674375 0.404792 0.673125 0.391458 0.670781 0.376875
