0 0.595313 0.429167 0.598437 0.450000 0.612500 0.456250 0.614062 0.445833 0.609375 0.431250 0.604688 0.427083
0 0.579688 0.610417 0.567187 0.618750 0.567187 0.631250 0.576562 0.633333 0.584375 0.618750
0 0.665625 0.383333 0.665625 0.406250 0.671875 0.414583 0.679688 0.416667 0.690625 0.410417 0.690625 0.395833 0.684375 0.381250 0.673438 0.379167
0 0.171875 0.904167 0.168750 0.908333 0.168750 0.927083 0.176563 0.943750 0.192188 0.960417 0.207813 0.962500 0.214062 0.950000 0.214062 0.937500 0.203125 0.914583 0.185938 0.902083
0 0.473438 0.312500 0.471875 0.327083 0.475000 0.335417 0.481250 0.339583 0.490625 0.335417 0.490625 0.312500
0 0.289062 0.381250 0.282813 0.393750 0.282813 0.410417 0.289062 0.416667 0.296875 0.416667 0.306250 0.404167 0.306250 0.387500 0.301563 0.381250
0 0.389062 0.616667 0.392188 0.635417 0.404687 0.635417 0.404687 0.627083 0.398438 0.616667
0 0.092188 0.245833 0.070312 0.250000 0.062500 0.260417 0.054688 0.283333 0.054688 0.310417 0.064062 0.325000 0.079687 0.327083 0.089063 0.320833 0.101562 0.293750 0.100000 0.252083
0 0.645312 0.685417 0.634375 0.683333 0.626563 0.687500 0.621875 0.695833 0.621875 0.712500 0.628125 0.718750 0.643750 0.716667 0.650000 0.704167 0.650000 0.693750
0 0.332813 0.687500 0.328125 0.695833 0.329688 0.710417 0.335938 0.720833 0.348438 0.722917 0.353125 0.714583 0.350000 0.691667 0.345313 0.687500
0 0.876563 0.252083 0.871875 0.260417 0.873437 0.295833 0.881250 0.310417 0.890625 0.318750 0.901563 0.318750 0.912500 0.312500 0.912500 0.279167 0.906250 0.260417 0.893750 0.250000
0 0.828125 0.887500 0.818750 0.879167 0.806250 0.879167 0.790625 0.887500 0.776563 0.908333 0.771875 0.935417 0.781250 0.945833 0.804688 0.941667 0.825000 0.912500
0 0.360938 0.429167 0.360938 0.447917 0.373437 0.450000 0.378125 0.443750 0.379688 0.435417 0.375000 0.427083
0 0.468750 0.206250 0.465625 0.216667 0.475000 0.233333 0.482812 0.235417 0.495312 0.225000 0.495312 0.214583 0.490625 0.204167 0.476562 0.202083
