0 0.378281 0.434792 0.364531 0.427708 0.359531 0.450000 0.373437 0.452083
0 0.604688 0.420833 0.593750 0.429167 0.593750 0.443750 0.598437 0.450000 0.606250 0.450000 0.610938 0.441667 0.609375 0.427083
0 0.289062 0.383333 0.281250 0.391667 0.279687 0.410417 0.287500 0.420833 0.296875 0.420833 0.304688 0.412500 0.306250 0.393750 0.303125 0.385417
0 0.876563 0.247917 0.871875 0.268750 0.879687 0.308333 0.890625 0.316667 0.904687 0.316667 0.914062 0.304167 0.909375 0.266667 0.898438 0.250000
0 0.475000 0.204167 0.468750 0.214583 0.470313 0.231250 0.478125 0.239583 0.492188 0.237500 0.496875 0.225000 0.493750 0.208333 0.489063 0.204167
0 0.093750 0.258333 0.075000 0.258333 0.064062 0.275000 0.059375 0.295833 0.059375 0.310417 0.064062 0.320833 0.079687 0.322917 0.089063 0.314583 0.098437 0.314583 0.100000 0.306250 0.096875 0.302083 0.101562 0.277083
0 0.631250 0.681250 0.625000 0.687500 0.621875 0.712500 0.628125 0.718750 0.640625 0.718750 0.648438 0.708333 0.648438 0.691667 0.640625 0.681250
0 0.329688 0.687500 0.328125 0.706250 0.332813 0.714583 0.346875 0.718750 0.354687 0.712500 0.350000 0.689583 0.343750 0.685417
0 0.571875 0.612500 0.565625 0.620833 0.565625 0.633333 0.576562 0.635417 0.582812 0.618750 0.579688 0.612500
0 0.671875 0.375000 0.665625 0.383333 0.665625 0.400000 0.673438 0.414583 0.684375 0.414583 0.693750 0.404167 0.693750 0.385417 0.685937 0.375000
0 0.820312 0.885417 0.806250 0.881250 0.785937 0.891667 0.775000 0.910417 0.773438 0.935417 0.782813 0.945833 0.796875 0.945833 0.810937 0.935417 0.820312 0.920833 0.825000 0.904167
0 0.165625 0.908333 0.167187 0.935417 0.181250 0.958333 0.203125 0.960417 0.212500 0.952083 0.217188 0.931250 0.204687 0.908333 0.193750 0.906250 0.187500 0.900000 0.173437 0.900000
0 0.479687 0.318750 0.476562 0.333333 0.481250 0.337500 0.489063 0.335417 0.493750 0.322917 0.490625 0.318750
0 0.390625 0.612500 0.390625 0.627083 0.395313 0.633333 0.404687 0.633333 0.404687 0.618750 0.396875 0.610417
