0 0.329688 0.685417 0.328125 0.702083 0.335938 0.718750 0.350000 0.720833 0.354687 0.712500 0.346875 0.691667
0 0.584375 0.614583 0.570312 0.616667 0.565625 0.637500 0.576562 0.641667 0.584375 0.631250
0 0.376563 0.433333 0.365625 0.439583 0.368750 0.454167 0.376563 0.447917
0 0.600000 0.422917 0.600000 0.439583 0.612500 0.441667 0.615625 0.437500 0.617188 0.427083 0.614062 0.420833
0 0.092188 0.258333 0.078125 0.260417 0.064062 0.281250 0.060937 0.308333 0.067187 0.325000 0.082812 0.327083 0.095312 0.312500 0.101562 0.275000 0.100000 0.266667
0 0.690625 0.368750 0.670312 0.375000 0.670312 0.393750 0.675000 0.402083 0.693750 0.402083 0.695312 0.381250
0 0.389062 0.614583 0.390625 0.631250 0.395313 0.635417 0.403125 0.633333 0.398438 0.618750
0 0.492188 0.204167 0.471875 0.204167 0.468750 0.225000 0.481250 0.237500 0.490625 0.235417 0.496875 0.225000
0 0.876563 0.245833 0.870313 0.262500 0.870313 0.281250 0.876563 0.295833 0.892188 0.310417 0.904687 0.308333 0.910937 0.295833 0.910937 0.279167 0.904687 0.258333 0.887500 0.243750
0 0.826562 0.889583 0.817187 0.881250 0.782813 0.889583 0.781250 0.904167 0.775000 0.910417 0.771875 0.933333 0.781250 0.943750 0.798438 0.943750 0.820312 0.920833
0 0.304688 0.395833 0.300000 0.402083 0.298438 0.420833 0.303125 0.429167 0.310937 0.431250 0.321875 0.420833 0.323437 0.410417 0.318750 0.397917
0 0.171875 0.897917 0.164062 0.908333 0.164062 0.920833 0.170313 0.939583 0.179688 0.950000 0.178125 0.956250 0.200000 0.968750 0.212500 0.966667 0.217188 0.943750 0.201563 0.908333 0.185938 0.897917
0 0.632812 0.687500 0.625000 0.700000 0.623437 0.716667 0.632812 0.722917 0.646875 0.718750 0.651563 0.704167 0.648438 0.689583
0 0.481250 0.314583 0.475000 0.322917 0.475000 0.331250 0.487500 0.337500 0.492188 0.333333 0.493750 0.322917 0.489063 0.314583
