0 0.478125 0.316667 0.475000 0.322917 0.476562 0.335417 0.481250 0.341667 0.493750 0.339583 0.496875 0.320833 0.492188 0.314583
0 0.879687 0.239583 0.870313 0.252083 0.870313 0.272917 0.875000 0.291667 0.890625 0.312500 0.904687 0.312500 0.914062 0.300000 0.912500 0.266667 0.906250 0.250000 0.896875 0.241667
0 0.296875 0.383333 0.290625 0.381250 0.278125 0.391667 0.276562 0.412500 0.281250 0.420833 0.289062 0.420833 0.296875 0.414583 0.300000 0.406250
0 0.392188 0.612500 0.390625 0.622917 0.393750 0.629167 0.404687 0.633333 0.404687 0.618750 0.396875 0.610417
0 0.667188 0.375000 0.665625 0.387500 0.671875 0.404167 0.685937 0.406250 0.695312 0.397917 0.695312 0.379167 0.689063 0.368750 0.673438 0.368750
0 0.821875 0.891667 0.812500 0.885417 0.782813 0.891667 0.781250 0.904167 0.775000 0.906250 0.771875 0.918750 0.767188 0.922917 0.767188 0.937500 0.785937 0.947917 0.801562 0.943750 0.818750 0.920833 0.823438 0.904167
0 0.370312 0.427083 0.360938 0.425000 0.354687 0.431250 0.353125 0.452083 0.356250 0.456250 0.367188 0.454167 0.371875 0.447917 0.373437 0.433333
0 0.585938 0.620833 0.578125 0.618750 0.571875 0.627083 0.571875 0.633333 0.582812 0.633333
0 0.165625 0.906250 0.164062 0.922917 0.167187 0.937500 0.179688 0.954167 0.193750 0.962500 0.201563 0.962500 0.210938 0.954167 0.214062 0.935417 0.201563 0.908333 0.190625 0.906250 0.185938 0.900000
0 0.328125 0.689583 0.328125 0.706250 0.334375 0.716667 0.345313 0.720833 0.354687 0.714583 0.354687 0.697917 0.350000 0.687500 0.335938 0.683333
0 0.648438 0.687500 0.628125 0.691667 0.621875 0.704167 0.621875 0.722917 0.637500 0.725000 0.643750 0.720833 0.650000 0.704167
0 0.476562 0.206250 0.470313 0.218750 0.473438 0.233333 0.481250 0.239583 0.495312 0.237500 0.500000 0.227083 0.498437 0.210417 0.490625 0.204167
0 0.092188 0.258333 0.076563 0.258333 0.062500 0.275000 0.056250 0.295833 0.059375 0.327083 0.065625 0.337500 0.071875 0.337500 0.073438 0.341667 0.085938 0.335417 0.101562 0.297917 0.101562 0.277083
0 0.595313 0.427083 0.595313 0.441667 0.598437 0.445833 0.607812 0.445833 0.612500 0.439583 0.609375 0.422917
