0 0.476562 0.322917 0.476562 0.343750 0.492188 0.343750 0.492188 0.322917
0 0.328125 0.689583 0.328125 0.716667 0.337500 0.727083 0.346875 0.727083 0.356250 0.718750 0.356250 0.704167 0.339062 0.689583
0 0.665625 0.381250 0.665625 0.400000 0.671875 0.408333 0.684375 0.410417 0.695312 0.400000 0.695312 0.387500 0.687500 0.375000 0.670312 0.375000
0 0.285938 0.377083 0.281250 0.387500 0.282813 0.412500 0.287500 0.416667 0.304688 0.414583 0.310937 0.400000 0.310937 0.385417 0.304688 0.377083
0 0.164062 0.906250 0.168750 0.918750 0.168750 0.931250 0.182812 0.958333 0.210938 0.966667 0.215625 0.952083 0.215625 0.937500 0.201563 0.906250 0.193750 0.906250 0.185938 0.897917 0.173437 0.897917 0.168750 0.906250
0 0.468750 0.214583 0.467187 0.229167 0.475000 0.241667 0.484375 0.243750 0.495312 0.237500 0.498437 0.218750 0.493750 0.212500 0.478125 0.208333
0 0.643750 0.683333 0.625000 0.689583 0.618750 0.704167 0.618750 0.714583 0.628125 0.718750 0.643750 0.716667 0.646875 0.706250
0 0.087656 0.238333 0.074531 0.243542 0.062500 0.262500 0.059844 0.270833 0.056250 0.283333 0.056250 0.310417 0.065625 0.325000 0.076563 0.327083 0.087500 0.320833 0.101562 0.297917 0.104688 0.262500 0.099062 0.243333
0 0.876563 0.245833 0.870313 0.260417 0.870313 0.283333 0.876563 0.306250 0.895312 0.316667 0.909375 0.312500 0.914062 0.304167 0.914062 0.281250 0.906250 0.258333 0.889062 0.243750
0 0.385156 0.624792 0.385156 0.633542 0.389688 0.642708 0.394687 0.645417 0.401250 0.639583 0.404687 0.633333 0.390625 0.618750
0 0.579375 0.615625 0.567187 0.618750 0.565625 0.635417 0.573281 0.639583 0.582812 0.627083
0 0.826562 0.887500 0.817187 0.881250 0.800000 0.883333 0.782813 0.895833 0.771875 0.922917 0.773438 0.937500 0.782813 0.945833 0.803125 0.941667 0.820312 0.920833 0.820312 0.914583 0.826562 0.906250
0 0.598437 0.422917 0.598437 0.443750 0.612500 0.443750 0.612500 0.425000 0.609375 0.420833
0 0.377344 0.423958 0.368750 0.422917 0.365625 0.429167 0.363750 0.445208 0.375156 0.447500
