0 0.370312 0.420833 0.362500 0.420833 0.359375 0.427083 0.357812 0.447917 0.360938 0.454167 0.373437 0.445833 0.375000 0.433333
0 0.164062 0.908333 0.167187 0.935417 0.181250 0.950000 0.195312 0.958333 0.204687 0.958333 0.212500 0.952083 0.215625 0.935417 0.201563 0.906250 0.190625 0.904167 0.185938 0.897917 0.173437 0.897917
0 0.579688 0.612500 0.567187 0.620833 0.567187 0.633333 0.576562 0.633333 0.579688 0.629167
0 0.484375 0.318750 0.478125 0.331250 0.481250 0.335417 0.490625 0.335417 0.495312 0.322917
0 0.298438 0.379167 0.282813 0.383333 0.279687 0.408333 0.285938 0.420833 0.300000 0.416667 0.306250 0.404167 0.306250 0.387500
0 0.337500 0.679167 0.328125 0.687500 0.329688 0.702083 0.339062 0.716667 0.350000 0.718750 0.354687 0.714583 0.354687 0.697917 0.350000 0.687500
0 0.878125 0.250000 0.873437 0.260417 0.878125 0.304167 0.889062 0.314583 0.907813 0.312500 0.912500 0.297917 0.904687 0.258333 0.889062 0.247917
0 0.387031 0.613542 0.389062 0.632083 0.397187 0.638333 0.400625 0.636250 0.404687 0.630833 0.403125 0.618750 0.396875 0.612500
0 0.818750 0.883333 0.804688 0.881250 0.790625 0.889583 0.773438 0.922917 0.775000 0.935417 0.782813 0.943750 0.793750 0.943750 0.809375 0.933333 0.823438 0.904167 0.823438 0.893750
0 0.473438 0.208333 0.468750 0.225000 0.475000 0.235417 0.485938 0.239583 0.498437 0.227083 0.493750 0.208333
0 0.598437 0.422917 0.596875 0.435417 0.601562 0.443750 0.607812 0.445833 0.614062 0.441667 0.607812 0.422917
0 0.670312 0.368750 0.667188 0.389583 0.671875 0.404167 0.676562 0.410417 0.690625 0.406250 0.693750 0.400000 0.687500 0.375000 0.675000 0.366667
0 0.646875 0.687500 0.639062 0.681250 0.626563 0.685417 0.621875 0.691667 0.623437 0.716667 0.643750 0.716667 0.648438 0.704167
0 0.092188 0.250000 0.076563 0.252083 0.064062 0.270833 0.057813 0.300000 0.064062 0.322917 0.084375 0.320833 0.093750 0.308333 0.101562 0.277083 0.100000 0.258333
