0 0.821875 0.883333 0.809375 0.879167 0.790625 0.887500 0.775000 0.912500 0.773438 0.935417 0.781250 0.945833 0.795312 0.945833 0.812500 0.933333 0.826562 0.904167 0.826562 0.891667
0 0.303125 0.383333 0.287500 0.383333 0.282813 0.387500 0.279687 0.408333 0.285938 0.420833 0.295312 0.422917 0.304688 0.414583 0.306250 0.389583
0 0.682813 0.368750 0.668750 0.383333 0.668750 0.400000 0.679688 0.414583 0.695312 0.416667 0.704688 0.402083 0.703125 0.379167 0.695312 0.368750
0 0.364063 0.425000 0.359375 0.431250 0.359375 0.445833 0.362500 0.452083 0.371875 0.452083 0.376563 0.441667 0.375000 0.429167
0 0.581875 0.622708 0.581250 0.612500 0.570312 0.614583 0.565625 0.627083 0.570312 0.631250 0.578125 0.635208
0 0.635313 0.681875 0.623437 0.688958 0.621875 0.700000 0.621875 0.712500 0.631250 0.720833 0.643750 0.718750 0.650000 0.702083 0.646875 0.687500
0 0.596875 0.427083 0.593750 0.433333 0.595313 0.443750 0.601562 0.450000 0.609375 0.447917 0.607812 0.433333 0.603125 0.427083
0 0.090625 0.254167 0.071875 0.260417 0.062500 0.277083 0.057813 0.310417 0.065625 0.327083 0.085938 0.322917 0.098437 0.297917 0.100000 0.268750
0 0.384375 0.614583 0.398281 0.633542 0.403125 0.629167 0.396875 0.616667
0 0.875000 0.250000 0.871875 0.283333 0.876563 0.312500 0.890625 0.320833 0.901563 0.320833 0.909375 0.312500 0.912500 0.300000 0.906250 0.262500 0.895312 0.250000
0 0.478125 0.322917 0.475000 0.327083 0.478125 0.337500 0.487500 0.339583 0.492188 0.333333 0.490625 0.322917
0 0.331875 0.693125 0.327344 0.703958 0.335313 0.713750 0.343750 0.718750 0.350000 0.720208 0.354687 0.710417 0.346875 0.689583 0.339062 0.683333
0 0.167187 0.906250 0.165625 0.920833 0.168750 0.933333 0.184375 0.956250 0.204687 0.966667 0.210938 0.964583 0.215625 0.954167 0.215625 0.935417 0.200000 0.908333 0.185938 0.900000 0.173437 0.900000
0 0.489063 0.206250 0.471875 0.212500 0.470313 0.225000 0.479687 0.239583 0.490625 0.237500 0.496875 0.225000 0.495312 0.214583
