0 0.390625 0.612500 0.390625 0.633333 0.393750 0.637500 0.403125 0.637500 0.404687 0.625000 0.401562 0.616667
0 0.478125 0.312500 0.473438 0.318750 0.473438 0.333333 0.478125 0.339583 0.485938 0.339583 0.492188 0.331250 0.492188 0.320833 0.485938 0.312500
0 0.164062 0.908333 0.165625 0.937500 0.179688 0.962500 0.203125 0.975000 0.215625 0.972917 0.218750 0.966250 0.217813 0.951667 0.217344 0.939792 0.215625 0.920833 0.204687 0.908333 0.185938 0.897917 0.171875 0.900000
0 0.094531 0.235417 0.078125 0.243750 0.060156 0.264583 0.051562 0.308333 0.062500 0.322917 0.093750 0.318750 0.100000 0.308333 0.106250 0.260417 0.102344 0.247917
0 0.331250 0.689583 0.328125 0.695833 0.329688 0.716667 0.339062 0.722917 0.350000 0.720833 0.353125 0.714583 0.351562 0.697917 0.343750 0.689583
0 0.365625 0.425000 0.360938 0.435417 0.360938 0.445833 0.364063 0.450000 0.375000 0.447917 0.376563 0.435417 0.373437 0.427083
0 0.585156 0.622917 0.573438 0.612500 0.567187 0.618750 0.568281 0.635833 0.576562 0.631250
0 0.596875 0.429167 0.593750 0.447917 0.603125 0.454167 0.610938 0.452083 0.607812 0.429167
0 0.631250 0.683333 0.623437 0.689583 0.621875 0.708333 0.626563 0.714583 0.639062 0.714583 0.646875 0.706250 0.646875 0.689583 0.640625 0.683333
0 0.289062 0.377083 0.281250 0.383333 0.279687 0.408333 0.285938 0.416667 0.298438 0.416667 0.306250 0.408333 0.306250 0.385417 0.303125 0.379167
0 0.882812 0.252083 0.875000 0.260417 0.878125 0.300000 0.887500 0.316667 0.903125 0.320833 0.912500 0.308333 0.909375 0.275000 0.903125 0.258333 0.889062 0.250000
0 0.668750 0.377083 0.665625 0.381250 0.664062 0.412500 0.673438 0.427083 0.684375 0.427083 0.689063 0.420833 0.693750 0.400000 0.682813 0.379167
0 0.820312 0.883333 0.806250 0.881250 0.782813 0.891667 0.781250 0.902083 0.773438 0.908333 0.771875 0.920833 0.767188 0.922917 0.771875 0.927083 0.771875 0.935417 0.782813 0.945833 0.795312 0.945833 0.812500 0.933333 0.825000 0.906250 0.825000 0.889583
0 0.471875 0.200000 0.467187 0.208333 0.468750 0.227083 0.479687 0.235417 0.490625 0.233333 0.495312 0.225000 0.493750 0.204167 0.484375 0.197917
