0 0.098437 0.375000 0.089063 0.375000 0.079687 0.381250 0.071875 0.397917 0.070312 0.433333 0.081250 0.445833 0.096875 0.443750 0.109375 0.418750 0.109375 0.391667
0 0.176563 0.843750 0.173437 0.852083 0.176563 0.870833 0.190625 0.889583 0.207813 0.893750 0.215625 0.885417 0.217188 0.875000 0.209375 0.852083 0.190625 0.839583
0 0.804688 0.820833 0.789062 0.818750 0.775000 0.831250 0.767188 0.858333 0.773438 0.875000 0.787500 0.877083 0.803125 0.866667 0.810937 0.850000 0.810937 0.833333
0 0.867188 0.356250 0.857812 0.370833 0.859375 0.400000 0.870313 0.416667 0.882812 0.416667 0.892188 0.404167 0.890625 0.372917 0.881250 0.358333
0 0.634375 0.000000 0.632812 0.022917 0.635938 0.031250 0.656250 0.043750 0.671875 0.039583 0.676562 0.029167 0.673438 0.006250 0.667188 0.000000
0 0.385937 0.222917 0.368750 0.222917 0.364063 0.229167 0.364063 0.245833 0.368750 0.254167 0.382812 0.252083 0.390625 0.243750 0.390625 0.231250
0 0.257812 0.437500 0.253125 0.445833 0.254688 0.468750 0.268750 0.472917 0.273438 0.464583 0.275000 0.447917 0.270313 0.437500
0 0.314063 0.689583 0.307812 0.710417 0.317188 0.725000 0.328125 0.727083 0.335938 0.718750 0.334375 0.695833 0.326562 0.687500
0 0.667188 0.679167 0.654687 0.679167 0.648438 0.685417 0.645312 0.695833 0.648438 0.714583 0.660937 0.718750 0.670312 0.706250 0.670312 0.685417
0 0.695312 0.420833 0.692187 0.429167 0.695312 0.454167 0.700000 0.460417 0.714063 0.460417 0.720313 0.452083 0.718750 0.431250 0.710938 0.420833
0 0.571875 0.212500 0.565625 0.222917 0.567187 0.237500 0.579688 0.247917 0.590625 0.245833 0.593750 0.218750 0.579688 0.210417
0 0.421875 0.320833 0.410938 0.320833 0.407813 0.325000 0.407813 0.339583 0.420312 0.339583 0.423438 0.335417
0 0.334375 0.460417 0.331250 0.479167 0.335938 0.485417 0.346875 0.483333 0.350000 0.479167 0.346875 0.460417
0 0.367188 0.622917 0.368750 0.639583 0.376563 0.645833 0.389062 0.643750 0.382812 0.625000
0 0.607812 0.620000 0.603125 0.616667 0.585469 0.627500 0.587500 0.641667 0.600156 0.645417 0.611563 0.630417
0 0.620313 0.445833 0.621875 0.464583 0.626563 0.470833 0.632812 0.470833 0.635938 0.466667 0.634375 0.450000
0 0.540625 0.310417 0.535937 0.318750 0.537500 0.327083 0.545312 0.335417 0.556250 0.335417 0.559375 0.331250 0.559375 0.316667 0.556250 0.312500
0 0.328125 0.000000 0.300000 0.000000 0.287500 0.008333 0.279687 0.029167 0.279687 0.041667 0.290625 0.054167 0.310937 0.054167 0.320312 0.047917 0.334375 0.027083 0.334375 0.008333
