0 0.414062 0.316667 0.407813 0.320833 0.406250 0.337500 0.410938 0.343750 0.418750 0.343750 0.425000 0.337500 0.426563 0.322917 0.421875 0.316667
0 0.379688 0.618750 0.371875 0.625000 0.371875 0.637500 0.378125 0.647917 0.387500 0.647917 0.393750 0.639583 0.393750 0.627083 0.385937 0.618750
0 0.596875 0.618750 0.589063 0.629167 0.589063 0.645833 0.603125 0.647917 0.609375 0.637500 0.609375 0.625000 0.606250 0.618750
0 0.621875 0.450000 0.618750 0.460417 0.625000 0.472917 0.640625 0.468750 0.642188 0.454167 0.639062 0.447917 0.628125 0.445833
0 0.540625 0.310417 0.535937 0.318750 0.539062 0.333333 0.553125 0.337500 0.557813 0.331250 0.557813 0.318750 0.553125 0.312500
0 0.278125 0.041667 0.281250 0.052083 0.298438 0.062500 0.318750 0.054167 0.335938 0.031250 0.339062 0.000000 0.284375 0.000000
0 0.101562 0.377083 0.089063 0.377083 0.079687 0.383333 0.070312 0.400000 0.070312 0.427083 0.079687 0.443750 0.092188 0.445833 0.106250 0.435417 0.112500 0.437500 0.117188 0.416667 0.115625 0.391667
0 0.173437 0.843750 0.170313 0.858333 0.171875 0.870833 0.185938 0.895833 0.204687 0.900000 0.217188 0.887500 0.217188 0.864583 0.206250 0.843750 0.190625 0.835417 0.179688 0.837500
0 0.803125 0.812500 0.784375 0.812500 0.773438 0.827083 0.765625 0.845833 0.764062 0.860417 0.770312 0.875000 0.787500 0.879167 0.801562 0.872917 0.807813 0.864583 0.812500 0.837500 0.809375 0.820833
0 0.867188 0.352083 0.857812 0.360417 0.854688 0.372917 0.854688 0.389583 0.864062 0.416667 0.860938 0.420833 0.870313 0.425000 0.889062 0.420833 0.895312 0.404167 0.895312 0.370833 0.887500 0.354167
0 0.631250 0.000000 0.626563 0.014583 0.628125 0.031250 0.634375 0.045833 0.650000 0.054167 0.662500 0.054167 0.675000 0.045833 0.676562 0.016667 0.665625 0.000000
0 0.362500 0.231250 0.367188 0.258333 0.379688 0.258333 0.392188 0.250000 0.398438 0.233333 0.384375 0.220833 0.370312 0.220833
0 0.256250 0.437500 0.250000 0.445833 0.250000 0.462500 0.257812 0.475000 0.267188 0.477083 0.275000 0.462500 0.275000 0.443750 0.270313 0.437500
0 0.314063 0.689583 0.307812 0.704167 0.310937 0.718750 0.318750 0.725000 0.332813 0.722917 0.339062 0.714583 0.335938 0.695833 0.328125 0.687500
0 0.656250 0.679167 0.646875 0.689583 0.643750 0.708333 0.651563 0.718750 0.664062 0.718750 0.671875 0.708333 0.673438 0.687500 0.668750 0.679167
0 0.698438 0.418750 0.690625 0.429167 0.692187 0.450000 0.700000 0.458333 0.709375 0.458333 0.718750 0.447917 0.718750 0.429167 0.712500 0.418750
0 0.568750 0.210417 0.564063 0.220833 0.567187 0.241667 0.576562 0.250000 0.590625 0.247917 0.595313 0.233333 0.592187 0.214583 0.576562 0.206250
0 0.342187 0.452083 0.335938 0.452083 0.329688 0.460417 0.328125 0.485417 0.332813 0.493750 0.343750 0.485417 0.348438 0.470833 0.348438 0.462500
