0 0.692187 0.420833 0.689063 0.425000 0.692187 0.454167 0.695312 0.458333 0.709375 0.456250 0.714063 0.447917 0.712500 0.425000 0.706250 0.418750
0 0.175000 0.845833 0.171875 0.864583 0.182812 0.889583 0.200000 0.900000 0.215625 0.889583 0.217188 0.870833 0.207813 0.850000 0.193750 0.841667
0 0.801562 0.816667 0.782813 0.820833 0.771875 0.835417 0.767188 0.850000 0.767188 0.866667 0.773438 0.877083 0.781250 0.881250 0.793750 0.879167 0.809375 0.860417 0.812500 0.831250
0 0.867188 0.352083 0.857812 0.360417 0.856250 0.391667 0.859375 0.404167 0.867188 0.414583 0.881250 0.416667 0.889062 0.410417 0.893750 0.397917 0.890625 0.370833 0.881250 0.356250
0 0.635938 0.000000 0.634375 0.022917 0.642188 0.039583 0.657813 0.047917 0.671875 0.047917 0.678125 0.041667 0.679688 0.012500 0.670312 0.000000
0 0.385937 0.227083 0.371875 0.227083 0.362500 0.237500 0.365625 0.260417 0.376563 0.262500 0.390625 0.250000
0 0.325000 0.012500 0.310937 0.004167 0.295312 0.008333 0.281250 0.025000 0.281250 0.045833 0.290625 0.056250 0.315625 0.056250 0.326562 0.043750
0 0.085938 0.379167 0.073438 0.393750 0.070312 0.427083 0.078125 0.441667 0.092188 0.443750 0.106250 0.431250 0.110937 0.402083 0.106250 0.383333
0 0.545312 0.306250 0.540625 0.316667 0.540625 0.327083 0.550000 0.333333 0.559375 0.331250 0.560937 0.314583 0.554688 0.306250
0 0.617188 0.445833 0.614062 0.454167 0.615625 0.466667 0.621875 0.472917 0.631250 0.470833 0.631250 0.450000 0.623437 0.443750
0 0.607812 0.618750 0.595313 0.618750 0.587500 0.635417 0.589063 0.641667 0.600000 0.641667 0.607812 0.629167
0 0.379688 0.618750 0.371875 0.627083 0.371875 0.637500 0.378125 0.647917 0.385937 0.647917 0.392188 0.639583 0.392188 0.627083 0.389062 0.620833
0 0.654687 0.679167 0.645312 0.689583 0.643750 0.708333 0.650000 0.714583 0.662500 0.716667 0.670312 0.706250 0.670312 0.687500 0.665625 0.679167
0 0.318750 0.687500 0.312500 0.695833 0.310937 0.714583 0.320312 0.725000 0.328125 0.725000 0.337500 0.716667 0.334375 0.695833 0.325000 0.687500
0 0.251563 0.437500 0.246875 0.454167 0.248438 0.464583 0.262500 0.472917 0.270313 0.468750 0.273438 0.460417 0.270313 0.439583 0.265625 0.435417
0 0.335938 0.458333 0.329688 0.464583 0.329688 0.477083 0.342187 0.483333 0.343750 0.462500 0.342187 0.458333
0 0.407813 0.333333 0.406250 0.350000 0.420312 0.352083 0.425000 0.343750 0.421875 0.331250
0 0.576562 0.210417 0.570312 0.220833 0.570312 0.233333 0.579688 0.243750 0.595313 0.243750 0.596875 0.220833 0.593750 0.214583
