0 0.376563 0.618750 0.371875 0.627083 0.373437 0.643750 0.376563 0.647917 0.387500 0.647917 0.390625 0.643750 0.390625 0.629167 0.385937 0.620833
0 0.281250 0.025000 0.281250 0.041667 0.290625 0.054167 0.314063 0.054167 0.325000 0.045833 0.334375 0.031250 0.337500 0.004167 0.335938 0.000000 0.295312 0.000000 0.293750 0.006250 0.287500 0.008333
0 0.100000 0.377083 0.087500 0.379167 0.075000 0.393750 0.071875 0.429167 0.082812 0.445833 0.092188 0.447917 0.109375 0.435417 0.115625 0.418750 0.112500 0.412500 0.115625 0.406250 0.110937 0.400000 0.109375 0.385417
0 0.178125 0.831250 0.170313 0.839583 0.165625 0.854167 0.170313 0.889583 0.179688 0.908333 0.196875 0.925000 0.221875 0.925000 0.229687 0.912500 0.229687 0.887500 0.220312 0.860417 0.200000 0.835417 0.189062 0.829167
0 0.803125 0.816667 0.785937 0.812500 0.773438 0.825000 0.765625 0.845833 0.765625 0.864583 0.770312 0.875000 0.790625 0.879167 0.804688 0.868750 0.810937 0.854167 0.810937 0.831250
0 0.862500 0.352083 0.850000 0.370833 0.851562 0.406250 0.868750 0.418750 0.879687 0.418750 0.893750 0.400000 0.893750 0.372917 0.885938 0.354167
0 0.632812 0.002083 0.632812 0.027083 0.643750 0.041667 0.662500 0.047917 0.675000 0.037500 0.678125 0.022917 0.668750 0.000000
0 0.389062 0.222917 0.373437 0.218750 0.360938 0.231250 0.367188 0.258333 0.379688 0.258333 0.390625 0.245833 0.393750 0.231250
0 0.257812 0.437500 0.251563 0.447917 0.254688 0.468750 0.260937 0.472917 0.273438 0.470833 0.276562 0.458333 0.273438 0.439583
0 0.314063 0.687500 0.307812 0.704167 0.307812 0.714583 0.320312 0.727083 0.332813 0.722917 0.337500 0.716667 0.334375 0.695833 0.328125 0.687500
0 0.656250 0.677083 0.645312 0.687500 0.642188 0.708333 0.648438 0.716667 0.664062 0.718750 0.671875 0.706250 0.671875 0.685417 0.665625 0.677083
0 0.696875 0.412500 0.689063 0.427083 0.692187 0.454167 0.700000 0.462500 0.725000 0.456250 0.725000 0.429167 0.715625 0.410417
0 0.559375 0.212500 0.560937 0.225000 0.571875 0.245833 0.585938 0.250000 0.595313 0.243750 0.595313 0.222917 0.590625 0.210417 0.579688 0.204167 0.567187 0.204167
0 0.414062 0.318750 0.407813 0.325000 0.407813 0.339583 0.420312 0.341667 0.426563 0.325000 0.425000 0.320833
0 0.337500 0.458333 0.331250 0.462500 0.331250 0.475000 0.337500 0.485417 0.343750 0.485417 0.350000 0.477083 0.350000 0.466667 0.346875 0.460417
0 0.609375 0.618750 0.593750 0.618750 0.587500 0.627083 0.587500 0.641667 0.593750 0.645833 0.606250 0.641667 0.612500 0.629167
0 0.621875 0.445833 0.618750 0.450000 0.618750 0.466667 0.625000 0.472917 0.635938 0.470833 0.639062 0.450000 0.635938 0.445833
0 0.535937 0.314583 0.537500 0.327083 0.545312 0.333333 0.556250 0.333333 0.559375 0.329167 0.559375 0.320833 0.553125 0.310417 0.542188 0.308333
