0 0.621875 0.000000 0.628125 0.027083 0.639062 0.043750 0.659375 0.052083 0.673438 0.047917 0.678125 0.041667 0.679688 0.010417 0.676562 0.000000
0 0.396875 0.231250 0.385937 0.218750 0.367188 0.220833 0.362500 0.231250 0.362500 0.256250 0.376563 0.256250 0.385937 0.250000
0 0.256250 0.437500 0.250000 0.450000 0.253125 0.468750 0.271875 0.472917 0.279687 0.456250 0.278125 0.447917 0.271875 0.437500
0 0.318750 0.685417 0.312500 0.689583 0.307812 0.708333 0.315625 0.725000 0.326562 0.729167 0.337500 0.718750 0.337500 0.702083 0.331250 0.687500
0 0.670312 0.679167 0.651563 0.681250 0.643750 0.695833 0.643750 0.712500 0.651563 0.720833 0.665625 0.718750 0.673438 0.708333 0.675000 0.689583
0 0.693750 0.420833 0.689063 0.429167 0.692187 0.454167 0.701562 0.462500 0.714063 0.460417 0.718750 0.452083 0.717187 0.425000 0.712500 0.418750
0 0.571875 0.208333 0.565625 0.218750 0.567187 0.239583 0.578125 0.250000 0.593750 0.245833 0.593750 0.216667 0.585938 0.208333
0 0.425625 0.327083 0.420625 0.318542 0.411094 0.321250 0.407031 0.324375 0.405781 0.337500 0.409375 0.343542 0.418750 0.341667
0 0.346875 0.460417 0.335938 0.464583 0.332813 0.470833 0.337500 0.487500 0.343750 0.487500 0.348438 0.481250 0.350000 0.468750
0 0.376563 0.618750 0.373437 0.625000 0.375000 0.639583 0.379688 0.645833 0.389062 0.643750 0.389062 0.625000 0.384375 0.618750
0 0.606250 0.616667 0.595313 0.616667 0.587500 0.627083 0.587500 0.645833 0.590625 0.650000 0.600000 0.652083 0.609375 0.641667 0.610938 0.622917
0 0.100000 0.379167 0.087500 0.379167 0.075000 0.391667 0.071875 0.422917 0.079687 0.443750 0.093750 0.445833 0.106250 0.435417 0.112500 0.437500 0.109375 0.431250 0.115625 0.425000 0.110937 0.414583 0.114062 0.402083 0.110937 0.400000 0.109375 0.387500
0 0.626563 0.443750 0.618750 0.452083 0.618750 0.468750 0.631250 0.475000 0.640625 0.466667 0.640625 0.454167 0.637500 0.445833
0 0.543750 0.306250 0.537500 0.314583 0.539062 0.331250 0.543750 0.335417 0.556250 0.335417 0.559375 0.318750 0.551562 0.308333
0 0.865625 0.352083 0.854688 0.370833 0.856250 0.397917 0.865625 0.418750 0.881250 0.422917 0.889062 0.418750 0.895312 0.404167 0.895312 0.379167 0.890625 0.362500 0.882812 0.352083
0 0.807813 0.816667 0.789062 0.816667 0.773438 0.831250 0.765625 0.852083 0.765625 0.866667 0.773438 0.881250 0.782813 0.885417 0.798438 0.883333 0.815625 0.860417 0.818750 0.845833 0.817187 0.825000
0 0.296875 0.000000 0.285938 0.010417 0.281250 0.022917 0.281250 0.043750 0.292187 0.056250 0.310937 0.056250 0.328125 0.037500 0.331250 0.022917 0.329688 0.010417 0.321875 0.000000
0 0.179688 0.835417 0.171875 0.850000 0.171875 0.868750 0.178125 0.883333 0.196875 0.900000 0.215625 0.891667 0.218750 0.883333 0.217188 0.856250 0.201563 0.837500
