0 0.318750 0.000000 0.309375 0.000000 0.296875 0.012500 0.290625 0.027083 0.290625 0.045833 0.295312 0.054167 0.310937 0.056250 0.326562 0.043750 0.328125 0.014583
0 0.075000 0.383333 0.071875 0.429167 0.079687 0.452083 0.109375 0.450000 0.115625 0.433333 0.117188 0.416667 0.115625 0.393750 0.107813 0.377083 0.096875 0.381250 0.090625 0.375000 0.082812 0.383333
0 0.181250 0.837500 0.175000 0.845833 0.176563 0.872917 0.195312 0.895833 0.201563 0.897917 0.210938 0.891667 0.217188 0.877083 0.210938 0.854167 0.206250 0.845833 0.195312 0.839583
0 0.803125 0.816667 0.789062 0.814583 0.771875 0.831250 0.762500 0.860417 0.770312 0.875000 0.790625 0.879167 0.806250 0.866667 0.812500 0.839583 0.809375 0.825000
0 0.860938 0.354167 0.856250 0.368750 0.859375 0.404167 0.867188 0.418750 0.881250 0.420833 0.893750 0.404167 0.890625 0.372917 0.884375 0.358333 0.876563 0.352083
0 0.631250 0.000000 0.629687 0.014583 0.634375 0.029167 0.657813 0.041667 0.670312 0.039583 0.678125 0.029167 0.678125 0.012500 0.673438 0.000000
0 0.389062 0.227083 0.376563 0.227083 0.368750 0.237500 0.371875 0.264583 0.376563 0.270833 0.389062 0.266667 0.398438 0.247917 0.398438 0.241667
0 0.256250 0.441667 0.250000 0.447917 0.246875 0.464583 0.251563 0.475000 0.265625 0.481250 0.275000 0.468750 0.275000 0.450000 0.268750 0.441667
0 0.317188 0.687500 0.312500 0.689583 0.309375 0.714583 0.317188 0.727083 0.325000 0.729167 0.334375 0.718750 0.334375 0.704167 0.329688 0.693750
0 0.662500 0.675000 0.651563 0.677083 0.645312 0.683333 0.640625 0.693750 0.642188 0.706250 0.653125 0.712500 0.664062 0.708333 0.668750 0.687500
0 0.696875 0.422917 0.695312 0.437500 0.703125 0.458333 0.710938 0.460417 0.717187 0.456250 0.717187 0.429167 0.709375 0.420833
0 0.570312 0.208333 0.567187 0.216667 0.568750 0.231250 0.582812 0.243750 0.593750 0.241667 0.596875 0.225000 0.593750 0.212500 0.584375 0.206250
0 0.425000 0.329167 0.417187 0.329167 0.410938 0.337500 0.410938 0.350000 0.420312 0.352083 0.429688 0.341667 0.429688 0.333333
0 0.343750 0.462500 0.337500 0.462500 0.331250 0.475000 0.337500 0.491667 0.345313 0.477083
0 0.368750 0.622917 0.367969 0.629375 0.370469 0.640625 0.381406 0.652083 0.386563 0.650625 0.390625 0.645833 0.385937 0.631250 0.378125 0.622917
0 0.606250 0.618750 0.593750 0.612500 0.585938 0.620833 0.584375 0.635417 0.587500 0.639583 0.598437 0.639583 0.604688 0.631250
0 0.620313 0.445833 0.617188 0.460417 0.620313 0.472917 0.625000 0.479167 0.639062 0.479167 0.639062 0.456250 0.631250 0.445833
0 0.535937 0.304167 0.535937 0.314583 0.540625 0.325000 0.548438 0.329167 0.562500 0.325000 0.564063 0.316667 0.554688 0.302083 0.539062 0.300000
