0 0.425000 0.322917 0.418750 0.318750 0.409375 0.320833 0.406250 0.325000 0.406250 0.337500 0.409375 0.341667 0.421875 0.339583 0.425000 0.335417
0 0.337500 0.458333 0.331250 0.464583 0.331250 0.475000 0.337500 0.485417 0.343750 0.485417 0.350000 0.479167 0.350000 0.464583
0 0.381250 0.618750 0.373437 0.627083 0.373437 0.635417 0.381250 0.643750 0.389062 0.643750 0.395313 0.635417 0.395313 0.625000 0.390625 0.618750
0 0.604688 0.618750 0.598437 0.618750 0.590625 0.627083 0.589063 0.639583 0.592187 0.643750 0.600000 0.643750 0.607812 0.637500 0.607812 0.622917
0 0.621875 0.445833 0.618750 0.452083 0.620313 0.468750 0.635938 0.472917 0.640625 0.466667 0.637500 0.445833
0 0.540625 0.308333 0.535937 0.316667 0.537500 0.327083 0.543750 0.335417 0.554688 0.335417 0.559375 0.329167 0.559375 0.318750 0.550000 0.308333
0 0.281250 0.016667 0.282813 0.045833 0.293750 0.054167 0.312656 0.051667 0.324531 0.041667 0.329062 0.027083 0.330781 0.015208 0.329688 0.008333 0.317656 0.003542 0.299375 0.002917 0.289062 0.006250
0 0.089063 0.379167 0.075000 0.391667 0.071875 0.431250 0.079687 0.443750 0.092188 0.445833 0.106250 0.431250 0.110937 0.402083 0.106250 0.385417
0 0.173437 0.852083 0.173437 0.868750 0.182812 0.889583 0.200000 0.900000 0.218750 0.889583 0.217188 0.852083 0.209375 0.843750 0.185938 0.837500
0 0.800000 0.816667 0.782813 0.820833 0.770312 0.837500 0.765625 0.852083 0.765625 0.866667 0.773438 0.879167 0.790625 0.881250 0.806250 0.866667 0.810937 0.854167 0.810937 0.831250
0 0.865625 0.354167 0.856250 0.368750 0.856250 0.389583 0.862500 0.410417 0.878125 0.418750 0.889062 0.412500 0.893750 0.404167 0.892188 0.375000 0.882812 0.356250
0 0.625000 0.002083 0.626563 0.029167 0.639062 0.041667 0.664062 0.047917 0.670312 0.045833 0.678125 0.031250 0.678125 0.008333 0.673438 0.000000
0 0.382812 0.218750 0.371875 0.218750 0.362500 0.229167 0.362500 0.243750 0.367188 0.256250 0.379688 0.256250 0.393750 0.239583 0.390625 0.225000
0 0.256250 0.437500 0.250000 0.445833 0.251563 0.466667 0.260937 0.475000 0.275000 0.470833 0.276562 0.450000 0.273438 0.441667
0 0.321875 0.685417 0.314063 0.691667 0.310937 0.712500 0.320312 0.725000 0.328125 0.725000 0.339062 0.716667 0.339062 0.700000 0.334375 0.687500
0 0.657813 0.679167 0.645312 0.691667 0.643750 0.708333 0.650000 0.716667 0.664062 0.718750 0.673438 0.702083 0.671875 0.685417 0.667188 0.679167
0 0.693750 0.420833 0.689063 0.435417 0.695312 0.456250 0.706250 0.458333 0.717187 0.450000 0.717187 0.427083 0.710938 0.418750
0 0.570312 0.210417 0.565625 0.218750 0.568750 0.239583 0.581250 0.247917 0.592187 0.245833 0.593750 0.218750 0.581250 0.208333
