0 0.540625 0.312500 0.537500 0.320833 0.539062 0.329167 0.545312 0.335417 0.553125 0.335417 0.556250 0.318750 0.551562 0.312500
0 0.290625 0.008333 0.281250 0.031250 0.282813 0.043750 0.287500 0.050000 0.315625 0.058333 0.328125 0.043750 0.326562 0.008333 0.320312 0.004167 0.298438 0.004167
0 0.085938 0.383333 0.078125 0.391667 0.075000 0.425000 0.079687 0.437500 0.092188 0.441667 0.100000 0.433333 0.103125 0.422917 0.100000 0.387500
0 0.175000 0.845833 0.171875 0.864583 0.182812 0.887500 0.195312 0.897917 0.204687 0.897917 0.218750 0.885417 0.217188 0.858333 0.209375 0.850000 0.185938 0.839583
0 0.807813 0.829167 0.793750 0.820833 0.776563 0.829167 0.771875 0.837500 0.767188 0.833333 0.767188 0.866667 0.778125 0.872917 0.798438 0.866667 0.809375 0.850000
0 0.868750 0.350000 0.860938 0.358333 0.856250 0.379167 0.862500 0.406250 0.867188 0.414583 0.878125 0.418750 0.889062 0.410417 0.890625 0.375000 0.882812 0.354167
0 0.632812 0.000000 0.629687 0.012500 0.632812 0.031250 0.640625 0.039583 0.654687 0.045833 0.665625 0.045833 0.673438 0.039583 0.676562 0.014583 0.665625 0.000000
0 0.382812 0.220833 0.371875 0.220833 0.364063 0.229167 0.364063 0.245833 0.371875 0.258333 0.385937 0.252083 0.392188 0.241667 0.389062 0.227083
0 0.259375 0.437500 0.251563 0.445833 0.251563 0.464583 0.259375 0.472917 0.270313 0.472917 0.273438 0.445833 0.265625 0.437500
0 0.315625 0.689583 0.306250 0.704167 0.306250 0.712500 0.315625 0.725000 0.328125 0.727083 0.337500 0.714583 0.335938 0.702083 0.328125 0.691667
0 0.661094 0.677500 0.645625 0.685000 0.645312 0.705000 0.656250 0.716667 0.664062 0.716667 0.671875 0.706250 0.671875 0.687500
0 0.714063 0.422917 0.703125 0.418750 0.692187 0.425000 0.690625 0.443750 0.696875 0.458333 0.707812 0.458333 0.715625 0.452083 0.717187 0.429167
0 0.571875 0.212500 0.565625 0.220833 0.567187 0.237500 0.575000 0.245833 0.590625 0.245833 0.593750 0.235417 0.592187 0.218750 0.584375 0.212500
0 0.415625 0.318750 0.407813 0.325000 0.407813 0.339583 0.410938 0.343750 0.423438 0.339583 0.425000 0.325000
0 0.340625 0.460417 0.335938 0.462500 0.334375 0.479167 0.342187 0.485417 0.348438 0.479167 0.348438 0.464583
0 0.376563 0.622917 0.373437 0.627083 0.376563 0.647917 0.389062 0.645833 0.389062 0.627083
0 0.587500 0.637500 0.600000 0.639583 0.607812 0.635417 0.612500 0.622917 0.609375 0.618750 0.595313 0.618750 0.587500 0.629167
0 0.618750 0.450000 0.618750 0.464583 0.623437 0.470833 0.632812 0.472917 0.637500 0.468750 0.639062 0.456250 0.634375 0.445833 0.621875 0.445833
