0 0.623437 0.445833 0.620313 0.450000 0.620313 0.466667 0.625000 0.472917 0.639062 0.470833 0.642188 0.464583 0.639062 0.445833
0 0.321875 0.000000 0.303125 0.000000 0.284375 0.014583 0.281250 0.022917 0.284375 0.043750 0.296875 0.052083 0.304688 0.052083 0.325000 0.039583 0.329688 0.012500
0 0.092188 0.377083 0.078125 0.385417 0.071875 0.406250 0.071875 0.431250 0.084375 0.445833 0.093750 0.445833 0.103125 0.437500 0.109375 0.422917 0.107813 0.385417
0 0.179688 0.835417 0.171875 0.850000 0.171875 0.870833 0.179688 0.887500 0.195312 0.897917 0.210938 0.893750 0.220312 0.877083 0.217188 0.856250 0.200000 0.837500
0 0.804688 0.822917 0.789062 0.820833 0.771875 0.837500 0.767188 0.852083 0.767188 0.864583 0.771875 0.875000 0.793750 0.879167 0.807813 0.864583 0.810937 0.856250 0.810937 0.833333
0 0.868750 0.352083 0.856250 0.366667 0.854688 0.387500 0.862500 0.414583 0.868750 0.420833 0.882812 0.420833 0.895312 0.404167 0.895312 0.377083 0.885938 0.356250
0 0.632812 0.000000 0.631250 0.020833 0.642188 0.045833 0.653125 0.045833 0.656250 0.052083 0.675000 0.045833 0.678125 0.012500 0.670312 0.004167 0.675000 0.000000
0 0.368750 0.222917 0.364063 0.231250 0.367188 0.254167 0.378125 0.256250 0.387500 0.252083 0.393750 0.241667 0.392188 0.231250 0.381250 0.220833
0 0.259375 0.433333 0.250000 0.445833 0.250000 0.466667 0.260937 0.477083 0.267188 0.477083 0.275000 0.466667 0.276562 0.450000 0.270313 0.435417
0 0.339062 0.687500 0.332813 0.683333 0.315625 0.687500 0.310937 0.714583 0.320312 0.725000 0.329688 0.725000 0.339062 0.718750 0.343750 0.706250
0 0.657813 0.677083 0.643750 0.691667 0.640625 0.706250 0.648438 0.716667 0.662500 0.720833 0.671875 0.710417 0.673438 0.689583 0.668750 0.679167
0 0.710938 0.418750 0.696875 0.420833 0.692187 0.429167 0.692187 0.447917 0.704688 0.460417 0.718750 0.452083 0.718750 0.427083
0 0.568125 0.215417 0.564063 0.227083 0.575000 0.247917 0.596875 0.250000 0.600000 0.237500 0.598594 0.227500 0.593125 0.214583 0.580625 0.206458
0 0.409375 0.320833 0.406250 0.327083 0.407813 0.339583 0.410938 0.343750 0.423438 0.341667 0.426563 0.325000 0.420312 0.318750
0 0.337500 0.456250 0.332813 0.466667 0.332813 0.481250 0.335938 0.487500 0.343750 0.487500 0.348438 0.481250 0.350000 0.468750 0.343750 0.456250
0 0.375000 0.622917 0.375000 0.641667 0.379688 0.645833 0.390625 0.643750 0.389062 0.627083 0.385937 0.622917
0 0.607812 0.618750 0.595313 0.618750 0.587500 0.629167 0.587500 0.643750 0.590625 0.647917 0.600000 0.650000 0.609375 0.639583
0 0.537500 0.314583 0.537500 0.325000 0.543750 0.333333 0.553125 0.335417 0.559375 0.329167 0.559375 0.320833 0.553125 0.310417 0.543750 0.308333
