0 0.543750 0.312500 0.539062 0.320833 0.540625 0.329167 0.550000 0.335417 0.554688 0.331250 0.554688 0.320833 0.551562 0.314583
0 0.623437 0.445833 0.618750 0.460417 0.626563 0.472917 0.631250 0.472917 0.635938 0.466667 0.635938 0.454167 0.632812 0.447917
0 0.595313 0.620833 0.589063 0.629167 0.589063 0.639583 0.601562 0.641667 0.606250 0.635417 0.604688 0.620833
0 0.375000 0.622917 0.371875 0.627083 0.375000 0.647917 0.389062 0.650000 0.389062 0.629167 0.382812 0.622917
0 0.334375 0.462500 0.334375 0.483333 0.345313 0.485417 0.350000 0.468750 0.342187 0.460417
0 0.421875 0.320833 0.412500 0.322917 0.409375 0.333333 0.410938 0.341667 0.417187 0.343750 0.425000 0.337500 0.426563 0.329167
0 0.571875 0.214583 0.565625 0.227083 0.567187 0.237500 0.576562 0.247917 0.590625 0.245833 0.593750 0.239583 0.593750 0.218750 0.584375 0.212500
0 0.695312 0.422917 0.692187 0.429167 0.693750 0.447917 0.703125 0.458333 0.710938 0.456250 0.717187 0.447917 0.715625 0.427083 0.709375 0.420833
0 0.656250 0.681250 0.645312 0.691667 0.643750 0.706250 0.650000 0.714583 0.660937 0.716667 0.668750 0.708333 0.670312 0.689583 0.664062 0.681250
0 0.315625 0.689583 0.309375 0.704167 0.309375 0.714583 0.315625 0.725000 0.328125 0.727083 0.335938 0.716667 0.335938 0.702083 0.325000 0.689583
0 0.256250 0.437500 0.251563 0.443750 0.251563 0.466667 0.257812 0.472917 0.267188 0.472917 0.271875 0.468750 0.271875 0.445833 0.265625 0.437500
0 0.385937 0.220833 0.378125 0.218750 0.367188 0.227083 0.365625 0.245833 0.368750 0.254167 0.382812 0.254167 0.390625 0.245833 0.392188 0.235417
0 0.634375 0.006250 0.634375 0.025000 0.646875 0.041667 0.662500 0.045833 0.670312 0.041667 0.676562 0.031250 0.676562 0.012500 0.665625 0.000000 0.637500 0.000000
0 0.870313 0.354167 0.860938 0.358333 0.854688 0.370833 0.856250 0.393750 0.862500 0.412500 0.870313 0.418750 0.881250 0.418750 0.893750 0.406250 0.895312 0.385417 0.890625 0.368750 0.882812 0.358333
0 0.809375 0.825000 0.800000 0.818750 0.778125 0.820833 0.765625 0.839583 0.759375 0.860417 0.771875 0.875000 0.796875 0.875000 0.810937 0.858333 0.812500 0.839583
0 0.181250 0.833333 0.171875 0.850000 0.171875 0.868750 0.178125 0.887500 0.195312 0.904167 0.209375 0.902083 0.218750 0.887500 0.217188 0.854167 0.195312 0.833333
0 0.101562 0.379167 0.087500 0.379167 0.075000 0.391667 0.071875 0.433333 0.081250 0.445833 0.100000 0.441667 0.109375 0.425000 0.109375 0.387500
0 0.270313 0.020833 0.278125 0.056250 0.282813 0.054167 0.289062 0.062500 0.301563 0.066667 0.312500 0.060417 0.331250 0.037500 0.337500 0.018750 0.337500 0.002083 0.279687 0.000000 0.281250 0.012500
