0 0.098437 0.377083 0.078125 0.385417 0.071875 0.404167 0.071875 0.435417 0.084375 0.447917 0.098437 0.443750 0.109375 0.425000 0.109375 0.393750 0.106250 0.383333
0 0.273438 0.047917 0.278125 0.056250 0.289062 0.060417 0.310937 0.060417 0.335938 0.031250 0.340625 0.000000 0.285938 0.000000 0.275000 0.027083
0 0.179688 0.837500 0.171875 0.852083 0.171875 0.864583 0.181250 0.889583 0.193750 0.902083 0.203125 0.902083 0.217188 0.893750 0.217188 0.856250 0.201563 0.839583
0 0.809375 0.822917 0.789062 0.818750 0.775000 0.827083 0.767188 0.841667 0.764062 0.860417 0.768750 0.872917 0.787500 0.879167 0.806250 0.866667 0.812500 0.850000
0 0.860938 0.358333 0.854688 0.372917 0.854688 0.389583 0.860938 0.410417 0.873437 0.420833 0.889062 0.418750 0.896875 0.406250 0.898438 0.387500 0.895312 0.372917 0.882812 0.356250 0.867188 0.354167
0 0.626563 0.010417 0.631250 0.031250 0.639062 0.041667 0.648438 0.045833 0.671875 0.045833 0.679688 0.031250 0.679688 0.014583 0.673438 0.000000 0.631250 0.000000
0 0.367188 0.220833 0.360938 0.231250 0.364063 0.252083 0.368750 0.256250 0.385937 0.256250 0.393750 0.241667 0.390625 0.222917 0.384375 0.216667
0 0.256250 0.433333 0.250000 0.445833 0.250000 0.466667 0.254688 0.475000 0.264062 0.479167 0.273438 0.470833 0.276562 0.450000 0.271875 0.437500
0 0.317188 0.687500 0.312500 0.689583 0.306250 0.710417 0.314063 0.727083 0.323437 0.731250 0.334375 0.722917 0.337500 0.710417 0.331250 0.693750
0 0.671875 0.679167 0.665625 0.675000 0.650000 0.683333 0.642188 0.695833 0.642188 0.710417 0.656250 0.718750 0.664062 0.716667 0.671875 0.706250
0 0.696875 0.410417 0.692187 0.422917 0.692187 0.447917 0.696875 0.460417 0.706250 0.470833 0.712500 0.470833 0.717187 0.464583 0.718750 0.445833 0.715625 0.418750 0.707812 0.410417
0 0.571875 0.212500 0.565625 0.225000 0.568750 0.237500 0.578125 0.245833 0.590625 0.245833 0.593750 0.241667 0.593750 0.218750 0.581250 0.210417
0 0.414062 0.316667 0.407813 0.320833 0.406250 0.337500 0.410938 0.343750 0.420312 0.343750 0.426563 0.333333 0.426563 0.322917
0 0.332813 0.460417 0.329688 0.468750 0.331250 0.483333 0.335938 0.487500 0.350000 0.485417 0.351562 0.464583 0.342187 0.458333
0 0.371875 0.625000 0.368750 0.633333 0.371875 0.645833 0.378125 0.652083 0.387500 0.650000 0.390625 0.645833 0.389062 0.629167 0.381250 0.622917
0 0.603125 0.618750 0.590625 0.627083 0.587500 0.641667 0.593750 0.643750 0.604688 0.637500 0.606250 0.625000
0 0.621875 0.447917 0.618750 0.456250 0.620313 0.466667 0.626563 0.477083 0.632812 0.479167 0.639062 0.470833 0.632812 0.450000
0 0.534375 0.306250 0.540625 0.331250 0.546875 0.335417 0.560937 0.331250 0.560937 0.318750 0.551562 0.306250
