0 0.318750 0.010417 0.304688 0.010417 0.292187 0.016667 0.282813 0.031250 0.282813 0.054167 0.292187 0.062500 0.312500 0.062500 0.320312 0.058333 0.331250 0.045833 0.332813 0.027083
0 0.087500 0.387500 0.076563 0.397917 0.071875 0.429167 0.078125 0.445833 0.092188 0.450000 0.103125 0.435417 0.104688 0.400000 0.098437 0.389583
0 0.178125 0.837500 0.170313 0.852083 0.171875 0.870833 0.178125 0.885417 0.192188 0.897917 0.209375 0.893750 0.214062 0.883333 0.214062 0.864583 0.209375 0.852083 0.195312 0.837500
0 0.804688 0.818750 0.789062 0.816667 0.773438 0.829167 0.765625 0.852083 0.765625 0.864583 0.770312 0.875000 0.792188 0.879167 0.807813 0.864583 0.812500 0.850000 0.812500 0.835417
0 0.860938 0.339583 0.853125 0.354167 0.854688 0.387500 0.865625 0.402083 0.881250 0.404167 0.890625 0.389583 0.889062 0.360417 0.879687 0.343750
0 0.640625 0.000000 0.639062 0.025000 0.646875 0.039583 0.660937 0.047917 0.671875 0.047917 0.682813 0.039583 0.684375 0.022917 0.678125 0.000000
0 0.373437 0.250000 0.368750 0.258333 0.370312 0.279167 0.379688 0.291667 0.396875 0.281250 0.395313 0.254167 0.390625 0.250000
0 0.257812 0.445833 0.251563 0.454167 0.250000 0.472917 0.259375 0.483333 0.267188 0.485417 0.273438 0.479167 0.275000 0.456250 0.267188 0.445833
0 0.310937 0.683333 0.306250 0.691667 0.306250 0.708333 0.312500 0.716667 0.328125 0.718750 0.334375 0.708333 0.331250 0.687500 0.323437 0.681250
0 0.617188 0.439583 0.610938 0.445833 0.610938 0.456250 0.614062 0.464583 0.625000 0.466667 0.628125 0.445833 0.623437 0.439583
0 0.654687 0.672917 0.642188 0.685417 0.640625 0.704167 0.648438 0.714583 0.660937 0.716667 0.670312 0.704167 0.671875 0.687500 0.664062 0.672917
0 0.684375 0.408333 0.676562 0.416667 0.675000 0.437500 0.681250 0.447917 0.693750 0.447917 0.701562 0.439583 0.701562 0.416667 0.693750 0.408333
0 0.579688 0.212500 0.578125 0.235417 0.581250 0.239583 0.596875 0.243750 0.604688 0.237500 0.604688 0.225000 0.600000 0.214583 0.590625 0.210417
0 0.548438 0.306250 0.545312 0.320833 0.550000 0.327083 0.560937 0.327083 0.562500 0.312500 0.556250 0.306250
0 0.431250 0.325000 0.420312 0.322917 0.415625 0.329167 0.415625 0.343750 0.429688 0.341667
0 0.350000 0.472917 0.335938 0.479167 0.335938 0.491667 0.339062 0.495833 0.348438 0.495833 0.351562 0.487500
0 0.373437 0.610417 0.368750 0.616667 0.370312 0.631250 0.379688 0.639583 0.389062 0.639583 0.392188 0.635417 0.390625 0.616667 0.384375 0.610417
0 0.581250 0.606250 0.576562 0.625000 0.579688 0.629167 0.592187 0.629167 0.596875 0.620833 0.596875 0.608333 0.593750 0.604167
